0.23115577889447236 6.42713567839196 0.03596559812353401 1200 1279 46 16.22361111111111
0.3316582914572864 5.864321608040201 0.05655526992287918 1200 1167 66 17.119444444444444
0.12562814070351758 6.688442211055277 0.018782870022539443 1200 1331 25 5.633333333333334
0.5226130653266332 5.276381909547739 0.09904761904761905 1200 1050 104 22.504166666666666
0.3065326633165829 5.628140703517588 0.05446428571428571 1200 1120 61 20.086111111111112
0.27638190954773867 6.206030150753769 0.044534412955465584 1200 1235 55 13.055555555555555
0.5628140703517588 5.125628140703518 0.10980392156862744 1200 1020 112 24.8125
0.15577889447236182 6.49748743718593 0.02397525135344161 1200 1293 31 11.258333333333333
0.19095477386934673 6.452261306532663 0.029595015576323987 1200 1284 38 12.491666666666667
0.49748743718592964 5.678391959798995 0.08761061946902654 1200 1130 99 16.370833333333334
0.1306532663316583 6.723618090452261 0.019431988041853514 1200 1338 26 5.502777777777777
0.46733668341708545 5.376884422110553 0.08691588785046729 1200 1070 93 27.552777777777777
0.32663316582914576 6.010050251256281 0.05434782608695653 1200 1196 65 22.26527777777778
0.12060301507537688 6.668341708542713 0.01808590806330068 1200 1327 24 4.6499999999999995
0.38190954773869346 5.959798994974874 0.06408094435075885 1200 1186 76 18.194444444444443
0.32663316582914576 5.758793969849246 0.05671902268760908 1200 1146 65 20.82638888888889
0.10552763819095477 6.698492462311558 0.015753938484621154 1200 1333 21 7.204166666666667
0.1658291457286432 6.547738693467337 0.025326170376055255 1200 1303 33 5.866666666666666
0.21608040201005024 6.417085427135678 0.033672670321064996 1200 1277 43 12.141666666666667
0.4271356783919598 5.899497487437186 0.07240204429301533 1200 1174 85 21.805555555555557
0.35175879396984927 6.276381909547739 0.05604483586869496 1215 1249 70 17.129166666666666
0.16080402010050251 6.683417085427136 0.024060150375939848 1215 1330 32 5.022222222222222
0.6130653266331658 5.683417085427136 0.10786914235190097 1215 1131 122 20.008333333333336
0.2964824120603015 6.407035175879397 0.046274509803921574 1215 1275 59 12.631944444444443
0.35175879396984927 5.85929648241206 0.06003430531732419 1215 1166 70 21.0
0.5376884422110553 5.457286432160804 0.09852670349907919 1215 1086 107 21.95416666666667
0.4472361809045226 5.773869346733668 0.07745865970409052 1215 1149 89 19.01111111111111
0.5326633165829145 5.236180904522613 0.10172744721689059 1215 1042 106 34.958333333333336
0.5979899497487438 5.5376884422110555 0.10798548094373867 1215 1102 119 26.327777777777772
0.20603015075376885 6.63819095477387 0.031037093111279335 1215 1321 41 11.338492063492062
0.1658291457286432 6.798994974874372 0.024390243902439025 1215 1353 33 5.6375
0.2814070351758794 6.482412060301508 0.043410852713178294 1215 1290 56 12.20833333333333
0.5326633165829145 5.773869346733668 0.09225413402959096 1215 1149 106 17.533333333333335
0.5477386934673367 5.150753768844221 0.10634146341463416 1215 1025 109 24.291666666666668
1.135678391959799 4.100502512562814 0.2769607843137255 1215 816 226 36.44027777777777
0.36683417085427134 5.57286432160804 0.06582506762849415 1215 1109 73 28.67638888888889
0.2914572864321608 5.969849246231155 0.04882154882154882 1215 1188 58 20.697222222222223
0.4271356783919598 5.85929648241206 0.07289879931389366 1215 1166 85 23.418055555555558
0.5979899497487438 5.793969849246231 0.10320901994796185 1215 1153 119 20.681944444444444
0.15577889447236182 6.693467336683417 0.023273273273273273 1215 1332 31 7.033333333333334
0.4221105527638191 5.688442211055277 0.07420494699646643 1230 1132 84 25.76805555555556
0.22613065326633167 6.422110552763819 0.035211267605633804 1230 1278 45 11.861111111111112
0.457286432160804 5.944723618090452 0.07692307692307691 1230 1183 91 18.163888888888888
0.4371859296482412 5.944723618090452 0.073541842772612 1230 1183 87 17.441666666666666
0.4020100502512563 5.517587939698492 0.07285974499089254 1230 1098 80 28.758333333333336
0.8994974874371859 4.768844221105527 0.18861959957850372 1230 949 179 35.480555555555554
0.4221105527638191 5.728643216080402 0.07368421052631578 1230 1140 84 23.158333333333335
0.19597989949748743 6.447236180904523 0.0303975058456742 1230 1283 39 15.054166666666665
0.4472361809045226 6.050251256281407 0.0739202657807309 1230 1204 89 19.062500000000004
0.4824120603015075 5.869346733668341 0.0821917808219178 1230 1168 96 17.338888888888892
0.1507537688442211 6.919597989949748 0.021786492374727667 1230 1377 30 5.3500000000000005
0.19095477386934673 6.914572864321608 0.027616279069767442 1230 1376 38 7.843055555555555
0.48743718592964824 5.42713567839196 0.0898148148148148 1230 1080 97 26.35138888888889
0.6030150753768844 5.2462311557788945 0.11494252873563217 1230 1044 120 28.577777777777783
0.4623115577889447 5.567839195979899 0.08303249097472924 1230 1108 92 23.872222222222224
0.27638190954773867 6.402010050251256 0.04317111459968603 1230 1274 55 15.947222222222223
0.34673366834170855 5.874371859296482 0.059024807527801544 1230 1169 69 18.46666666666667
0.6984924623115578 5.241206030150754 0.1332694151486098 1230 1043 139 32.699999999999996
0.20603015075376885 6.9045226130653266 0.029839883551673947 1230 1374 41 5.577777777777778
1.0954773869346734 3.9045226130653266 0.2805662805662806 1230 777 218 41.893055555555556
0.7185929648241206 5.231155778894473 0.13736791546589816 1245 1041 143 29.26805555555556
0.9899497487437185 4.035175879396985 0.2453300124533001 1245 803 197 43.047222222222224
0.6482412060301508 6.0201005025125625 0.10767946577629384 1245 1198 129 15.791666666666666
0.8592964824120602 4.969849246231155 0.17290192113245703 1245 989 171 35.323611111111106
0.964824120603015 4.4120603015075375 0.21867881548974943 1245 878 192 38.88472222222222
0.3165829145728643 6.50251256281407 0.04868624420401854 1245 1294 63 14.375
0.27638190954773867 6.648241206030151 0.04157218442932728 1245 1323 55 11.808333333333335
0.4271356783919598 5.562814070351759 0.07678410117434509 1245 1107 85 24.704166666666666
1.150753768844221 2.628140703517588 0.4378585086042065 1245 523 229 52.46031746031746
0.21105527638190955 6.5125628140703515 0.032407407407407406 1245 1296 42 11.290277777777776
0.6633165829145728 5.4874371859296485 0.12087912087912087 1245 1092 132 33.25555555555555
0.46733668341708545 5.9045226130653266 0.07914893617021278 1245 1175 93 20.941666666666666
0.7035175879396985 5.422110552763819 0.12974976830398519 1245 1079 140 25.13611111111111
0.5376884422110553 5.085427135678392 0.10573122529644269 1245 1012 107 40.07777777777778
0.8542713567839196 3.5025125628140703 0.24390243902439027 1245 697 170 53.47222222222222
0.5728643216080402 5.934673366834171 0.09652836579170194 1245 1181 114 15.130555555555555
0.6180904522613065 4.964824120603015 0.12449392712550608 1245 988 123 38.072222222222216
0.2914572864321608 6.381909547738694 0.04566929133858267 1245 1270 58 14.39722222222222
0.7035175879396985 4.984924623115578 0.14112903225806453 1245 992 140 37.51527777777778
0.6884422110552764 5.201005025125628 0.1323671497584541 1245 1035 137 27.697222222222223
0.8693467336683417 5.432160804020101 0.16003700277520813 1260 1081 173 27.084722222222222
0.4723618090452261 5.959798994974874 0.07925801011804384 1260 1186 94 17.62777777777778
0.2964824120603015 6.180904522613066 0.04796747967479675 1260 1230 59 17.122222222222224
0.5025125628140703 5.9296482412060305 0.08474576271186439 1260 1180 100 19.330555555555556
0.5025125628140703 6.055276381909548 0.08298755186721991 1260 1205 100 23.15476190476191
0.22110552763819097 6.8291457286432165 0.03237674760853569 1260 1359 44 7.819444444444444
0.21105527638190955 6.814070351758794 0.030973451327433628 1260 1356 42 9.933333333333334
0.5477386934673367 5.396984924623116 0.10148975791433892 1260 1074 109 40.30416666666667
0.4321608040201005 5.874371859296482 0.07356715141146279 1260 1169 86 28.637500000000003
0.7336683417085427 4.834170854271357 0.15176715176715175 1260 962 146 30.67222222222222
0.7839195979899497 4.939698492462312 0.15869786368260425 1260 983 156 39.225
0.9899497487437185 4.417085427135678 0.2241183162684869 1260 879 197 39.419444444444444
0.6030150753768844 5.437185929648241 0.11090573012939 1260 1082 120 30.53888888888889
0.20603015075376885 6.819095477386934 0.03021370670596905 1260 1357 41 10.012500000000001
0.4221105527638191 6.1206030150753765 0.06896551724137931 1260 1218 84 19.753968253968253
0.8492462311557789 3.85929648241206 0.22005208333333334 1260 768 169 47.269444444444446
0.8492462311557789 4.693467336683417 0.1809421841541756 1260 934 169 43.911111111111104
0.5376884422110553 5.422110552763819 0.09916589434661724 1260 1079 107 34.112500000000004
0.8442211055276382 4.85929648241206 0.1737331954498449 1260 967 168 33.27916666666667
0.6482412060301508 5.291457286432161 0.1225071225071225 1260 1053 129 39.906746031746025
0.3417085427135678 6.206030150753769 0.055060728744939266 1275 1235 68 15.83333333333333
1.2110552763819096 3.8844221105527637 0.3117723156532989 1275 773 241 45.19027777777777
0.5477386934673367 5.597989949748744 0.09784560143626572 1275 1114 109 28.969444444444445
1.0552763819095476 4.165829145728643 0.25331724969843183 1275 829 210 38.836111111111116
0.45226130653266333 6.085427135678392 0.07431874483897605 1275 1211 90 17.60972222222222
0.6331658291457286 5.291457286432161 0.11965811965811965 1275 1053 126 29.719444444444445
0.8592964824120602 4.8040201005025125 0.17887029288702927 1275 956 171 43.423611111111114
0.6231155778894473 5.894472361809045 0.10571184995737426 1275 1173 124 21.197222222222223
0.33668341708542715 6.266331658291457 0.053728949478749004 1275 1247 67 20.15
0.23115577889447236 6.914572864321608 0.03343023255813954 1275 1376 46 5.666666666666667
0.3869346733668342 6.477386934673367 0.05973622963537626 1275 1289 77 14.088888888888889
0.32663316582914576 6.4120603015075375 0.05094043887147336 1275 1276 65 18.07361111111111
0.5829145728643216 5.628140703517588 0.10357142857142856 1275 1120 116 27.32638888888889
0.7638190954773869 4.778894472361809 0.15983175604626707 1275 951 152 43.82361111111111
0.18592964824120603 6.924623115577889 0.026850507982583455 1275 1378 37 5.766666666666667
0.6683417085427136 5.447236180904523 0.12269372693726938 1275 1084 133 29.890277777777772
0.9246231155778895 5.231155778894473 0.17675312199807877 1275 1041 184 31.4875
0.49748743718592964 5.969849246231155 0.08333333333333334 1275 1188 99 22.72916666666666
0.37185929648241206 6.5125628140703515 0.05709876543209877 1275 1296 74 15.444444444444443
0.3417085427135678 6.386934673366834 0.05350118017309205 1275 1271 68 16.133333333333336
0.49246231155778897 6.236180904522613 0.0789685737308622 1290 1241 98 19.55
0.5477386934673367 5.482412060301508 0.0999083409715857 1290 1091 109 23.405555555555555
1.120603015075377 3.748743718592965 0.2989276139410188 1290 746 223 55.911111111111104
0.5326633165829145 5.351758793969849 0.09953051643192488 1290 1065 106 25.401388888888892
0.4723618090452261 5.633165829145729 0.08385370205173952 1290 1121 94 28.530555555555555
0.8944723618090452 4.78391959798995 0.18697478991596636 1290 952 178 42.175000000000004
0.32663316582914576 6.251256281407035 0.052250803858520906 1290 1244 65 22.447222222222223
0.9095477386934674 5.065326633165829 0.1795634920634921 1290 1008 181 40.95416666666666
1.4723618090452262 3.130653266331658 0.4703049759229535 1290 623 293 56.69861111111112
0.6080402010050251 5.105527638190955 0.11909448818897637 1290 1016 121 39.37361111111111
0.48743718592964824 5.974874371859296 0.0815811606391926 1290 1189 97 21.01111111111111
1.2613065326633166 4.005025125628141 0.314930991217064 1290 797 251 43.38888888888889
0.5778894472361809 6.226130653266332 0.09281678773204195 1290 1239 115 21.191666666666666
0.32663316582914576 6.150753768844221 0.0531045751633987 1290 1224 65 18.083333333333332
0.2864321608040201 6.653266331658291 0.04305135951661632 1290 1324 57 13.118055555555555
1.120603015075377 3.9547738693467336 0.2833545108005083 1290 787 223 36.93472222222222
0.5175879396984925 5.532663316582915 0.09355131698455948 1290 1101 103 32.525
0.44221105527638194 6.105527638190955 0.07242798353909466 1290 1215 88 24.82757936507937
0.9849246231155779 4.49748743718593 0.21899441340782125 1290 895 196 53.28333333333334
1.015075376884422 4.432160804020101 0.22902494331065756 1290 882 202 58.929166666666674
0.8492462311557789 4.723618090452261 0.1797872340425532 1305 940 169 35.71805555555556
0.4723618090452261 6.437185929648241 0.07338017174082748 1305 1281 94 16.175595238095237
1.1557788944723617 3.92964824120603 0.2941176470588235 1305 782 230 44.74722222222223
0.5628140703517588 6.165829145728643 0.09127954360228199 1305 1227 112 22.158531746031745
1.4271356783919598 3.271356783919598 0.4362519201228878 1305 651 284 53.20277777777778
0.6683417085427136 5.21608040201005 0.128131021194605 1305 1038 133 36.455555555555556
0.6231155778894473 6.206030150753769 0.10040485829959515 1305 1235 124 19.05138888888889
0.6532663316582915 5.793969849246231 0.11274934952298353 1305 1153 130 21.756944444444443
0.9849246231155779 5.276381909547739 0.18666666666666665 1305 1050 196 31.674999999999997
0.8492462311557789 4.909547738693467 0.172978505629478 1305 977 169 41.94722222222222
0.7989949748743719 4.442211055276382 0.17986425339366516 1305 884 159 45.34444444444444
1.0100502512562815 3.6180904522613067 0.2791666666666667 1305 720 201 55.27777777777778
0.7236180904522613 5.618090452261306 0.12880143112701253 1305 1118 144 24.29861111111111
1.4170854271356783 4.703517587939698 0.30128205128205127 1305 936 282 40.94444444444445
0.7135678391959799 5.386934673366834 0.13246268656716417 1305 1072 142 28.863888888888884
0.914572864321608 4.8040201005025125 0.1903765690376569 1305 956 182 33.1077380952381
0.7336683417085427 4.849246231155779 0.15129533678756477 1305 965 146 33.73888888888889
0.40703517587939697 6.190954773869347 0.06574675324675325 1305 1232 81 21.583333333333332
0.33668341708542715 7.105527638190955 0.04738330975954739 1305 1414 67 7.626388888888889
0.6733668341708543 5.201005025125628 0.12946859903381644 1305 1035 134 30.847222222222214
0.9346733668341709 5.075376884422111 0.18415841584158416 1320 1010 186 34.32222222222223
1.3869346733668342 3.9346733668341707 0.35249042145593873 1320 783 276 55.802777777777784
0.8492462311557789 5.201005025125628 0.16328502415458937 1320 1035 169 32.361111111111114
0.8241206030150754 4.231155778894473 0.19477434679334915 1320 842 164 38.28611111111112
1.1306532663316582 4.492462311557789 0.25167785234899326 1320 894 225 30.32777777777778
1.1256281407035176 4.678391959798995 0.24060150375939848 1320 931 224 28.40833333333333
1.2864321608040201 4.311557788944723 0.29836829836829837 1320 858 256 48.125
0.8442211055276382 4.909547738693467 0.17195496417604914 1320 977 168 36.39166666666667
0.914572864321608 4.517587939698492 0.20244716351501668 1320 899 182 47.06805555555555
0.7487437185929648 4.798994974874372 0.15602094240837697 1320 955 149 31.481944444444448
0.5628140703517588 6.2462311557788945 0.09010458567980692 1320 1243 112 19.087500000000002
0.9899497487437185 4.814070351758794 0.2056367432150313 1320 958 197 31.086111111111112
0.9949748743718593 3.9748743718592965 0.2503160556257901 1320 791 198 47.06111111111111
0.6834170854271356 5.100502512562814 0.13399014778325122 1320 1015 136 31.54722222222222
0.6130653266331658 5.683417085427136 0.10786914235190097 1320 1131 122 24.045833333333334
1.085427135678392 4.477386934673367 0.2424242424242424 1320 891 216 37.68055555555555
0.6381909547738693 5.623115577889447 0.11349419124218052 1320 1119 127 28.068055555555556
0.8040201005025126 5.839195979899498 0.1376936316695353 1320 1162 160 18.570833333333333
0.6834170854271356 5.211055276381909 0.13114754098360656 1320 1037 136 36.53333333333333
1.015075376884422 3.819095477386935 0.2657894736842105 1320 760 202 53.280555555555566
0.7638190954773869 6.402010050251256 0.11930926216640501 1335 1274 152 19.191666666666666
0.7939698492462312 5.442211055276382 0.1458910433979686 1335 1083 158 31.877777777777776
1.0452261306532664 4.698492462311558 0.22245989304812835 1335 935 208 37.2125
1.050251256281407 4.28140703517588 0.24530516431924881 1335 852 209 44.62638888888889
0.7135678391959799 5.507537688442211 0.12956204379562045 1335 1096 142 32.999206349206354
0.8241206030150754 5.432160804020101 0.1517113783533765 1335 1081 164 34.06666666666666
1.1306532663316582 4.64321608040201 0.24350649350649348 1335 924 225 39.083333333333336
1.1557788944723617 4.226130653266332 0.2734839476813317 1335 841 230 45.53888888888889
0.6180904522613065 5.9798994974874375 0.10336134453781512 1335 1190 123 19.483333333333338
0.6934673366834171 5.457286432160804 0.1270718232044199 1335 1086 138 25.675
0.6884422110552764 5.030150753768845 0.13686313686313686 1335 1001 137 32.80694444444445
0.8040201005025126 4.964824120603015 0.1619433198380567 1335 988 160 37.5
0.31155778894472363 6.984924623115578 0.04460431654676259 1335 1390 62 7.736111111111111
0.7989949748743719 5.1959798994974875 0.15377176015473887 1335 1034 159 40.49027777777777
1.0452261306532664 4.366834170854271 0.23935558112773306 1335 869 208 52.375
1.0452261306532664 5.36180904522613 0.1949390815370197 1335 1067 208 30.879166666666666
0.964824120603015 4.648241206030151 0.20756756756756756 1335 925 192 47.32222222222222
0.8542713567839196 4.683417085427136 0.18240343347639484 1335 932 170 33.05694444444445
1.1658291457286432 4.819095477386934 0.24191866527632952 1335 959 232 33.8375
1.1658291457286432 5.201005025125628 0.22415458937198066 1335 1035 232 29.29206349206349
0.6080402010050251 6.36180904522613 0.09557661927330173 1385 1266 121 19.72460317460317
0.5477386934673367 6.773869346733668 0.0808605341246291 1385 1348 109 21.226785714285715
0.49748743718592964 6.909547738693467 0.072 1385 1375 99 23.95575396825397
0.7839195979899497 5.969849246231155 0.13131313131313133 1385 1188 156 26.49722222222222
0.8793969849246231 5.507537688442211 0.15967153284671534 1385 1096 175 30.976388888888888
0.6532663316582915 6.532663316582915 0.1 1385 1300 130 16.50079365079365
0.9095477386934674 5.35678391959799 0.16979362101313322 1385 1066 181 35.74305555555555
0.5527638190954773 6.256281407035176 0.08835341365461846 1385 1245 110 27.059722222222224
0.7336683417085427 5.778894472361809 0.1269565217391304 1385 1150 146 32.21805555555556
0.7738693467336684 5.597989949748744 0.13824057450628366 1385 1114 154 32.38333333333333
1.2914572864321607 4.4874371859296485 0.2877939529675252 1385 893 257 38.9
0.9547738693467337 5.417085427135678 0.17625231910946199 1385 1078 190 36.84722222222222
0.5628140703517588 6.4623115577889445 0.08709175738724728 1385 1286 112 22.888888888888886
0.46733668341708545 7.030150753768845 0.06647605432451752 1385 1399 93 23.538690476190478
1.8693467336683418 4.0954773869346734 0.4564417177914111 1385 815 372 46.59166666666667
0.507537688442211 7.0954773869346734 0.07152974504249292 1385 1412 101 17.433333333333334
0.8492462311557789 4.9798994974874375 0.1705348133198789 1385 991 169 40.13194444444444
0.5979899497487438 6.482412060301508 0.09224806201550388 1385 1290 119 23.334722222222222
0.6532663316582915 5.623115577889447 0.11617515638963362 1385 1119 130 30.35972222222222
0.8040201005025126 6.135678391959799 0.13104013104013104 1385 1221 160 27.491666666666664
0.7788944723618091 4.8793969849246235 0.1596292481977343 1400 971 155 39.50277777777778
1.3115577889447236 3.9246231155778895 0.33418693982074266 1400 781 261 47.97361111111112
0.8492462311557789 5.437185929648241 0.15619223659889095 1400 1082 169 33.24027777777778
0.7587939698492462 5.703517587939698 0.1330396475770925 1400 1135 151 36.62916666666667
0.7185929648241206 5.251256281407035 0.1368421052631579 1400 1045 143 45.67916666666667
0.5778894472361809 6.206030150753769 0.09311740890688258 1400 1235 115 34.4422619047619
0.8190954773869347 5.482412060301508 0.14940421631530704 1400 1091 163 25.9718253968254
0.542713567839196 6.663316582914573 0.08144796380090498 1400 1326 108 23.084920634920636
0.7638190954773869 5.386934673366834 0.1417910447761194 1400 1072 152 41.231944444444444
0.8241206030150754 5.36180904522613 0.15370196813495784 1400 1067 164 36.358134920634924
0.7386934673366834 6.135678391959799 0.12039312039312039 1400 1221 147 30.26111111111111
1.1557788944723617 4.457286432160804 0.2593010146561443 1400 887 230 54.85277777777778
0.9547738693467337 4.869346733668341 0.19607843137254904 1400 969 190 37.36388888888889
0.6683417085427136 5.944723618090452 0.11242603550295859 1400 1183 133 30.6125
0.41708542713567837 7.311557788944723 0.0570446735395189 1400 1455 83 16.965476190476192
1.3517587939698492 4.693467336683417 0.2880085653104925 1400 934 269 44.38888888888889
0.9849246231155779 4.8040201005025125 0.20502092050209206 1400 956 196 41.81666666666666
1.065326633165829 4.341708542713568 0.24537037037037035 1400 864 212 32.80357142857143
0.592964824120603 6.21608040201005 0.09539207760711399 1400 1237 118 34.09722222222222
0.7286432160804021 5.085427135678392 0.1432806324110672 1400 1012 145 37.23015873015873
0.914572864321608 4.824120603015075 0.18958333333333335 1415 960 182 44.2125
1.0402010050251256 4.8291457286432165 0.21540062434963578 1415 961 207 38.833333333333336
0.4321608040201005 6.71356783919598 0.06437125748502993 1415 1336 86 23.477777777777778
0.7236180904522613 5.577889447236181 0.12972972972972974 1415 1110 144 36.13611111111111
0.37185929648241206 7.4874371859296485 0.049664429530201344 1415 1490 74 13.19325396825397
0.6834170854271356 6.306532663316583 0.10836653386454183 1415 1255 136 29.294444444444448
1.0452261306532664 4.793969849246231 0.21802935010482183 1415 954 208 39.576388888888886
1.1809045226130652 3.9899497487437188 0.29596977329974805 1415 794 235 45.50694444444445
0.7788944723618091 5.35678391959799 0.1454033771106942 1415 1066 155 44.262499999999996
0.9045226130653267 5.442211055276382 0.16620498614958448 1415 1083 180 32.894444444444446
0.7185929648241206 5.8040201005025125 0.12380952380952381 1415 1155 143 24.790277777777778
0.628140703517588 6.035175879396985 0.10407993338884264 1415 1201 125 34.62103174603175
0.8040201005025126 5.221105527638191 0.1539942252165544 1415 1039 160 34.46666666666667
1.185929648241206 5.346733668341709 0.2218045112781955 1415 1064 236 34.19226190476191
0.592964824120603 6.698492462311558 0.08852213053263316 1415 1333 118 24.781944444444445
0.9949748743718593 6.447236180904523 0.1543257989088075 1415 1283 198 21.572222222222223
0.949748743718593 5.447236180904523 0.17435424354243542 1415 1084 189 35.30833333333334
0.5829145728643216 6.4120603015075375 0.09090909090909091 1415 1276 116 24.99702380952381
0.914572864321608 4.864321608040201 0.18801652892561985 1415 968 182 41.830555555555556
0.6030150753768844 5.809045226130653 0.10380622837370242 1415 1156 120 32.15
0.7889447236180904 5.623115577889447 0.14030384271671137 1430 1119 157 33.8125
0.8542713567839196 4.924623115577889 0.17346938775510207 1430 980 170 44.13333333333333
1.1256281407035176 5.477386934673367 0.2055045871559633 1430 1090 224 24.675
0.7236180904522613 5.743718592964824 0.12598425196850394 1430 1143 144 26.430555555555557
0.6683417085427136 6.341708542713568 0.10538827258320127 1430 1262 133 29.079960317460316
0.6884422110552764 6.115577889447236 0.11257189811010682 1430 1217 137 24.686111111111114
0.6733668341708543 6.773869346733668 0.09940652818991098 1430 1348 134 21.96904761904762
0.7989949748743719 5.964824120603015 0.13395113732097727 1430 1187 159 26.891666666666666
0.7939698492462312 6.165829145728643 0.12876935615321924 1430 1227 158 34.64980158730159
0.864321608040201 5.547738693467337 0.15579710144927536 1430 1104 172 36.577777777777776
0.7788944723618091 5.658291457286432 0.13765541740674958 1430 1126 155 34.666666666666664
0.6834170854271356 5.819095477386934 0.11744386873920552 1430 1158 136 32.589285714285715
1.0552763819095476 5.507537688442211 0.19160583941605838 1430 1096 210 32.10138888888889
0.6884422110552764 6.407035175879397 0.10745098039215686 1430 1275 137 20.174007936507934
0.9447236180904522 5.28643216080402 0.17870722433460076 1430 1052 188 36.12638888888889
0.5125628140703518 7.919597989949748 0.06472081218274112 1430 1576 102 13.58373015873016
0.9246231155778895 5.005025125628141 0.18473895582329317 1430 996 184 29.84920634920635
1.0753768844221105 4.723618090452261 0.22765957446808513 1430 940 214 50.25416666666666
0.6532663316582915 6.36180904522613 0.10268562401263824 1430 1266 130 28.227777777777778
0.7688442211055276 5.592964824120603 0.13746630727762804 1430 1113 153 34.32361111111111
0.6582914572864321 6.015075376884422 0.10944026733500417 1445 1197 131 32.47261904761904
0.6633165829145728 6.050251256281407 0.10963455149501661 1445 1204 132 26.224999999999998
1.0753768844221105 4.814070351758794 0.2233820459290188 1445 958 214 40.327380952380956
0.9748743718592965 4.366834170854271 0.2232451093210587 1445 869 194 46.78333333333334
0.7035175879396985 6.35678391959799 0.1106719367588933 1445 1265 140 30.80119047619048
1.899497487437186 4.78391959798995 0.39705882352941174 1445 952 378 35.411375661375665
0.6884422110552764 6.899497487437186 0.09978150036416605 1445 1373 137 20.512896825396826
0.9195979899497487 4.899497487437186 0.18769230769230769 1445 975 183 41.53819444444445
0.8341708542713567 5.125628140703518 0.16274509803921566 1445 1020 166 32.35496031746032
0.8894472361809045 5.291457286432161 0.16809116809116809 1445 1053 177 36.37361111111111
0.7487437185929648 5.7537688442211055 0.13013100436681224 1445 1145 149 39.04246031746032
0.8241206030150754 5.678391959798995 0.14513274336283186 1445 1130 164 39.48849206349207
1.1155778894472361 4.422110552763819 0.25227272727272726 1445 880 222 50.63611111111111
0.949748743718593 6.402010050251256 0.14835164835164835 1445 1274 189 26.147222222222222
1.0904522613065326 4.221105527638191 0.25833333333333336 1445 840 217 47.45277777777778
0.8391959798994975 5.738693467336684 0.14623467600700524 1445 1142 167 35.819047619047616
0.9899497487437185 5.884422110552764 0.1682322801024765 1445 1171 197 31.868055555555557
0.7939698492462312 5.110552763819095 0.1553588987217306 1445 1017 158 28.447222222222223
0.40703517587939697 8.025125628140703 0.050720100187852224 1445 1597 81 12.220634920634922
0.7085427135678392 6.110552763819095 0.11595394736842105 1445 1216 141 31.069444444444446
0.8341708542713567 6.28140703517588 0.13279999999999997 1460 1250 166 26.623611111111114
0.914572864321608 4.9045226130653266 0.18647540983606556 1460 976 182 35.17638888888889
0.6884422110552764 6.301507537688442 0.10925039872408293 1460 1254 137 26.23888888888889
0.7788944723618091 5.688442211055277 0.13692579505300354 1460 1132 155 35.21805555555556
0.9698492462311558 4.703517587939698 0.20619658119658119 1460 936 193 45.58154761904762
0.4221105527638191 7.8291457286432165 0.05391527599486521 1460 1558 84 14.382539682539681
0.9597989949748744 4.8291457286432165 0.1987513007284079 1460 961 191 53.05694444444445
1.1909547738693467 5.0 0.23819095477386934 1460 995 237 42.459920634920636
0.7386934673366834 6.85929648241206 0.1076923076923077 1460 1365 147 18.950000000000003
0.4321608040201005 7.346733668341709 0.058823529411764705 1460 1462 86 18.965476190476192
0.8542713567839196 5.271356783919598 0.1620591039084843 1460 1049 170 36.62777777777777
0.678391959798995 5.341708542713568 0.12699905926622768 1460 1063 135 30.16468253968254
0.9597989949748744 5.547738693467337 0.1730072463768116 1460 1104 191 42.025
0.9849246231155779 5.42713567839196 0.18148148148148147 1460 1080 196 33.55138888888889
0.8844221105527639 5.557788944723618 0.15913200723327306 1460 1106 176 29.79722222222222
0.9246231155778895 5.256281407035176 0.17590822179732313 1460 1046 184 33.77638888888889
0.7437185929648241 6.442211055276382 0.11544461778471139 1460 1282 148 30.697619047619053
0.7386934673366834 6.613065326633166 0.11170212765957446 1460 1316 147 21.14900793650794
0.542713567839196 6.8291457286432165 0.07947019867549669 1460 1359 108 22.837500000000002
0.864321608040201 4.889447236180905 0.17677286742034942 1460 973 172 36.451388888888886
0.7889447236180904 5.5879396984924625 0.1411870503597122 1475 1112 157 33.52222222222222
0.8442211055276382 5.35678391959799 0.1575984990619137 1475 1066 168 32.1
1.100502512562814 4.768844221105527 0.23076923076923078 1475 949 219 45.47222222222223
0.914572864321608 5.577889447236181 0.16396396396396395 1475 1110 182 39.985119047619044
1.4522613065326633 4.522613065326633 0.3211111111111111 1475 900 289 30.834722222222222
0.6030150753768844 6.85929648241206 0.0879120879120879 1475 1365 120 25.412896825396825
1.3869346733668342 4.688442211055277 0.2958199356913183 1475 933 276 35.68333333333334
1.0402010050251256 4.748743718592965 0.21904761904761905 1475 945 207 37.54107142857143
0.6633165829145728 5.788944723618091 0.11458333333333333 1475 1152 132 36.485119047619044
0.8693467336683417 5.331658291457287 0.16305372290292175 1475 1061 173 37.75416666666667
0.592964824120603 7.14070351758794 0.08304011259676285 1475 1421 118 19.809325396825397
1.050251256281407 5.276381909547739 0.19904761904761903 1475 1050 209 42.45138888888889
0.542713567839196 7.1959798994974875 0.07541899441340782 1475 1432 108 21.275793650793652
0.7638190954773869 6.035175879396985 0.12656119900083262 1475 1201 152 33.14662698412699
0.8291457286432161 5.180904522613066 0.1600387972841901 1475 1031 165 28.208333333333332
0.7437185929648241 6.788944723618091 0.10954848260547742 1475 1351 148 18.535317460317458
1.0603015075376885 5.42713567839196 0.19537037037037036 1475 1080 211 37.38472222222222
0.7185929648241206 6.919597989949748 0.1038489469862019 1475 1377 143 23.057936507936507
0.5125628140703518 7.336683417085427 0.06986301369863014 1475 1460 102 19.24861111111111
0.41708542713567837 7.824120603015075 0.05330764290301863 1475 1557 83 15.52281746031746
1.07035175879397 4.613065326633166 0.2320261437908497 1490 918 213 42.21031746031746
1.2763819095477387 3.1658291457286434 0.40317460317460313 1490 630 254 68.28472222222223
0.6532663316582915 6.924623115577889 0.09433962264150944 1490 1378 130 21.30515873015873
0.9748743718592965 6.306532663316583 0.15458167330677292 1490 1255 194 29.20813492063492
0.9849246231155779 4.949748743718593 0.19898477157360406 1490 985 196 49.04047619047619
0.9748743718592965 5.341708542713568 0.18250235183443086 1490 1063 194 40.13194444444445
0.7386934673366834 6.226130653266332 0.11864406779661016 1490 1239 147 28.010912698412696
1.120603015075377 3.5527638190954773 0.31541725601131543 1490 707 223 44.22361111111112
0.7085427135678392 6.035175879396985 0.11740216486261447 1490 1201 141 23.0
1.2010050251256281 4.748743718592965 0.2529100529100529 1490 945 239 41.354166666666664
1.135678391959799 5.130653266331659 0.22135161606268364 1490 1021 226 36.75694444444444
1.07035175879397 3.351758793969849 0.3193403298350825 1490 667 213 61.77777777777778
0.8291457286432161 6.934673366834171 0.11956521739130435 1490 1380 165 20.33928571428572
1.2261306532663316 4.944723618090452 0.24796747967479674 1490 984 244 35.06150793650793
1.6984924623115578 3.562814070351759 0.4767277856135402 1490 709 338 58.32638888888889
0.9899497487437185 6.919597989949748 0.1430646332607117 1490 1377 197 19.031349206349205
1.0954773869346734 4.407035175879397 0.24857468643101485 1490 877 218 45.34047619047619
0.7336683417085427 5.8040201005025125 0.1264069264069264 1490 1155 146 29.944444444444443
1.0452261306532664 5.432160804020101 0.19241443108233117 1490 1081 208 35.65416666666667
1.135678391959799 5.969849246231155 0.19023569023569026 1490 1188 226 26.68690476190476
0.8592964824120602 5.914572864321608 0.14528462192013594 1505 1177 171 38.52321428571428
2.0452261306532664 3.487437185929648 0.5864553314121038 1505 694 407 70.72916666666667
1.065326633165829 5.71859296482412 0.18629173989455186 1505 1138 212 30.643055555555552
1.2462311557788945 4.4120603015075375 0.28246013667425973 1505 878 248 44.85813492063492
0.9045226130653267 5.125628140703518 0.1764705882352941 1505 1020 180 36.625
1.0452261306532664 4.874371859296482 0.2144329896907217 1505 970 208 51.60496031746032
1.271356783919598 4.291457286432161 0.2962529274004684 1505 854 253 49.24861111111111
0.9095477386934674 5.261306532663316 0.17287488061127032 1505 1047 181 43.37817460317461
1.2964824120603016 4.457286432160804 0.29086809470124014 1505 887 258 49.28888888888889
1.170854271356784 3.7035175879396984 0.31614654002713705 1505 737 233 47.65555555555556
0.9597989949748744 5.8793969849246235 0.16324786324786325 1505 1170 191 30.104761904761904
1.0050251256281406 5.522613065326633 0.18198362147406733 1505 1099 200 30.361111111111114
0.914572864321608 4.85929648241206 0.18821096173733196 1505 967 182 48.541666666666664
1.2160804020100502 5.708542713567839 0.2130281690140845 1505 1136 242 28.30376984126984
1.0301507537688441 5.256281407035176 0.19598470363288717 1505 1046 205 35.07956349206349
1.7688442211055277 4.341708542713568 0.40740740740740744 1505 864 352 46.875
1.0452261306532664 4.452261306532663 0.23476297968397294 1505 886 208 53.28055555555556
0.7638190954773869 5.442211055276382 0.14035087719298245 1505 1083 152 36.945238095238096
1.1105527638190955 5.366834170854271 0.20692883895131087 1505 1068 221 37.55833333333334
1.3165829145728642 4.824120603015075 0.2729166666666667 1505 960 262 34.49583333333333
1.2110552763819096 4.155778894472362 0.29141475211608225 1520 827 241 45.59444444444444
1.100502512562814 4.944723618090452 0.2225609756097561 1520 984 219 60.26250000000001
1.0 5.035175879396985 0.19860279441117765 1520 1002 199 32.827777777777776
0.8793969849246231 6.090452261306533 0.1443894389438944 1520 1212 175 26.07996031746032
1.1959798994974875 5.0703517587939695 0.23587710604558973 1520 1009 238 38.19305555555555
0.9748743718592965 5.386934673366834 0.18097014925373134 1520 1072 194 45.77361111111111
1.185929648241206 5.296482412060302 0.2239089184060721 1520 1054 236 38.51706349206349
1.321608040201005 4.532663316582915 0.2915742793791574 1520 902 263 34.9515873015873
1.0301507537688441 3.959798994974874 0.26015228426395937 1520 788 205 54.73611111111111
1.1809045226130652 5.4623115577889445 0.21619135234590614 1520 1087 235 32.51646825396826
1.0251256281407035 6.065326633165829 0.16901408450704225 1520 1207 204 28.491666666666664
1.2512562814070352 3.64321608040201 0.34344827586206894 1520 725 249 54.38194444444445
1.4321608040201006 3.658291457286432 0.39148351648351654 1520 728 285 53.5
0.7788944723618091 6.5879396984924625 0.11823035850495806 1520 1311 155 24.409722222222225
1.2160804020100502 5.849246231155779 0.2079037800687285 1520 1164 242 34.09027777777778
1.1256281407035176 6.105527638190955 0.18436213991769548 1520 1215 224 34.044841269841264
1.1407035175879396 3.92964824120603 0.29028132992327366 1520 782 227 46.34027777777778
1.4522613065326633 4.517587939698492 0.32146829810901 1520 899 289 52.46111111111111
1.2060301507537687 4.954773869346734 0.24340770791075048 1520 986 240 36.26884920634921
1.3517587939698492 4.100502512562814 0.32965686274509803 1520 816 269 43.11527777777778
0.9095477386934674 6.14070351758794 0.14811783960720132 1570 1222 181 32.75297619047619
1.2412060301507537 5.075376884422111 0.24455445544554452 1570 1010 247 49.78055555555556
0.8844221105527639 4.527638190954774 0.195338512763596 1570 901 176 44.74166666666667
1.1658291457286432 4.14070351758794 0.2815533980582524 1570 824 232 43.90277777777777
0.9095477386934674 5.693467336683417 0.15975286849073259 1570 1133 181 37.94375
0.9949748743718593 5.939698492462312 0.16751269035532995 1570 1182 198 35.94642857142858
0.8190954773869347 6.432160804020101 0.12734375 1570 1280 163 31.917857142857144
0.9748743718592965 6.28643216080402 0.1550759392486011 1570 1251 194 28.515376984126988
0.7788944723618091 6.592964824120603 0.11814024390243903 1570 1312 155 32.02916666666666
0.8894472361809045 6.201005025125628 0.14343598055105347 1570 1234 177 34.20039682539683
0.6432160804020101 6.919597989949748 0.09295570079883805 1570 1377 128 32.49166666666667
0.9346733668341709 5.693467336683417 0.1641659311562224 1570 1133 186 38.666666666666664
0.7587939698492462 5.864321608040201 0.1293916023993145 1570 1167 151 47.42162698412698
0.8492462311557789 6.442211055276382 0.13182527301092042 1570 1282 169 28.02579365079365
0.7688442211055276 7.150753768844221 0.10751932536893886 1570 1423 153 24.552777777777777
1.0050251256281406 4.351758793969849 0.23094688221709006 1570 866 200 63.694444444444436
0.7085427135678392 6.758793969849246 0.10483271375464684 1570 1345 141 28.687499999999996
1.050251256281407 5.321608040201005 0.19735599622285177 1570 1059 209 35.49781746031746
0.8291457286432161 6.57286432160804 0.1261467889908257 1570 1308 165 30.263492063492066
1.085427135678392 4.542713567839196 0.23893805309734514 1570 904 216 33.12361111111111
0.6180904522613065 6.386934673366834 0.0967741935483871 1585 1271 123 32.84920634920635
1.0552763819095476 5.703517587939698 0.18502202643171806 1585 1135 210 46.59583333333333
0.7286432160804021 7.085427135678392 0.10283687943262412 1585 1410 145 26.902182539682542
1.4824120603015076 3.442211055276382 0.43065693430656937 1585 685 295 42.52777777777778
0.6482412060301508 7.909547738693467 0.08195679796696316 1585 1574 129 23.871230158730157
1.4120603015075377 4.849246231155779 0.2911917098445596 1585 965 281 45.15694444444444
0.8391959798994975 6.819095477386934 0.12306558585114223 1585 1357 167 30.35138888888889
0.9748743718592965 5.542713567839196 0.17588395285584768 1585 1103 194 33.436706349206354
0.7035175879396985 7.49748743718593 0.09383378016085792 1585 1492 140 26.56696428571429
1.1407035175879396 5.824120603015075 0.19585849870578084 1585 1159 227 32.33472222222222
1.100502512562814 4.8291457286432165 0.22788761706555669 1585 961 219 38.31547619047619
1.2763819095477387 4.185929648241206 0.304921968787515 1585 833 254 44.11944444444445
1.135678391959799 5.221105527638191 0.21751684311838307 1585 1039 226 30.825000000000003
1.2060301507537687 5.125628140703518 0.2352941176470588 1585 1020 240 37.522222222222226
0.6180904522613065 6.5879396984924625 0.09382151029748284 1585 1311 123 23.726190476190478
1.1557788944723617 4.899497487437186 0.23589743589743586 1585 975 230 38.885515873015876
1.271356783919598 4.984924623115578 0.2550403225806452 1585 992 253 34.03055555555555
1.2311557788944723 4.477386934673367 0.2749719416386083 1585 891 245 39.09722222222222
1.3316582914572865 5.035175879396985 0.26447105788423153 1585 1002 265 38.03472222222222
1.0904522613065326 4.57286432160804 0.23846153846153847 1585 910 217 33.49404761904762
1.0100502512562815 5.934673366834171 0.170194750211685 1600 1181 201 39.49305555555556
0.9195979899497487 5.889447236180905 0.1561433447098976 1600 1172 183 33.793055555555554
0.8542713567839196 6.597989949748744 0.12947448591012947 1600 1313 170 30.744444444444444
0.8994974874371859 6.668341708542713 0.13489073097211757 1600 1327 179 29.163095238095238
1.0402010050251256 5.28140703517588 0.19695528068506182 1600 1051 207 43.014880952380956
0.9798994974874372 5.402010050251256 0.1813953488372093 1600 1075 195 42.109920634920634
1.1608040201005025 5.1708542713567835 0.22448979591836737 1600 1029 231 50.49583333333334
1.0402010050251256 6.030150753768845 0.1725 1600 1200 207 25.989880952380954
1.1407035175879396 5.733668341708543 0.19894829097283084 1600 1141 227 33.638690476190476
1.2663316582914572 4.874371859296482 0.2597938144329897 1600 970 252 46.62361111111111
1.015075376884422 6.1708542713567835 0.16449511400651465 1600 1228 202 28.16180555555556
1.2512562814070352 4.532663316582915 0.2760532150776053 1600 902 249 28.629365079365076
1.1105527638190955 5.432160804020101 0.20444033302497686 1600 1081 221 36.93630952380952
0.8944723618090452 5.954773869346734 0.150210970464135 1600 1185 178 38.538690476190474
1.1457286432160805 5.517587939698492 0.20765027322404375 1600 1098 228 36.65833333333333
0.7839195979899497 6.844221105527638 0.11453744493392069 1600 1362 156 33.85912698412698
1.170854271356784 4.185929648241206 0.2797118847539016 1600 833 233 39.55555555555556
1.1155778894472361 6.040201005025126 0.18469217970049914 1600 1202 222 38.40595238095238
1.0904522613065326 4.628140703517588 0.2356134636264929 1600 921 217 40.74583333333333
0.8391959798994975 6.36180904522613 0.13191153238546605 1600 1266 167 33.58472222222222
1.0050251256281406 5.884422110552764 0.17079419299743806 1615 1171 200 40.81686507936508
0.8944723618090452 4.527638190954774 0.19755826859045503 1615 901 178 39.13194444444445
1.015075376884422 5.974874371859296 0.16989066442388562 1615 1189 202 37.12748015873016
0.8894472361809045 5.959798994974874 0.14924114671163574 1615 1186 177 26.995634920634917
1.065326633165829 5.673366834170854 0.18777679362267494 1615 1129 212 39.62777777777777
0.9396984924623115 6.025125628140704 0.15596330275229356 1615 1199 187 34.01626984126984
1.100502512562814 5.5376884422110555 0.19872958257713247 1615 1102 219 29.490277777777777
0.6381909547738693 7.693467336683417 0.0829523187459177 1615 1531 127 22.327480158730157
0.7839195979899497 5.914572864321608 0.13254035683942225 1615 1177 156 37.78194444444445
1.0301507537688441 4.467336683417085 0.23059617547806524 1615 889 205 46.74027777777778
0.9698492462311558 5.447236180904523 0.17804428044280443 1615 1084 193 42.23869047619048
1.1809045226130652 4.0201005025125625 0.29375 1615 800 235 39.759722222222216
0.8994974874371859 7.311557788944723 0.12302405498281788 1615 1455 179 24.463789682539684
1.0050251256281406 5.291457286432161 0.18993352326685659 1615 1053 200 40.11626984126984
1.100502512562814 4.311557788944723 0.25524475524475526 1615 858 219 47.29027777777778
0.964824120603015 5.125628140703518 0.18823529411764703 1615 1020 192 44.25416666666666
1.4020100502512562 5.532663316582915 0.2534059945504087 1615 1101 279 32.72261904761905
1.065326633165829 4.472361809045226 0.23820224719101124 1615 890 212 54.75238095238095
1.2864321608040201 4.42713567839196 0.2905788876276958 1615 881 256 38.84027777777778
1.0100502512562815 4.78391959798995 0.2111344537815126 1615 952 201 50.80059523809524
0.8944723618090452 6.844221105527638 0.13069016152716592 1630 1362 178 27.81210317460317
1.0402010050251256 4.663316582914573 0.22306034482758622 1630 928 207 42.151388888888896
1.050251256281407 6.1457286432160805 0.17089125102207686 1630 1223 209 35.88392857142858
1.035175879396985 5.21608040201005 0.19845857418111756 1630 1038 206 42.53194444444445
0.9849246231155779 5.492462311557789 0.17932296431838976 1630 1093 196 38.18809523809524
1.0753768844221105 6.994974874371859 0.15373563218390804 1630 1392 214 24.15198412698413
1.1658291457286432 5.336683417085427 0.21845574387947267 1630 1062 232 41.18194444444444
0.8391959798994975 6.673366834170854 0.12575301204819278 1630 1328 167 31.01547619047619
1.020100502512563 5.919597989949748 0.17232597623089985 1630 1178 203 36.10555555555555
1.150753768844221 5.4120603015075375 0.212627669452182 1630 1077 229 32.8640873015873
0.9597989949748744 6.552763819095477 0.14647239263803682 1630 1304 191 27.517063492063496
1.2160804020100502 5.256281407035176 0.23135755258126195 1630 1046 242 38.103769841269845
1.3115577889447236 5.100502512562814 0.2571428571428572 1630 1015 261 42.76904761904762
1.5376884422110553 3.949748743718593 0.3893129770992366 1630 786 306 50.4375
1.3517587939698492 4.040201005025126 0.3345771144278607 1630 804 269 46.32916666666667
2.371859296482412 2.869346733668342 0.8266199649737302 1630 571 472 47.826388888888886
0.8542713567839196 6.4623115577889445 0.13219284603421463 1630 1286 170 34.88869047619047
1.0603015075376885 5.125628140703518 0.2068627450980392 1630 1020 211 37.0343253968254
1.0904522613065326 4.889447236180905 0.22302158273381292 1630 973 217 45.300000000000004
1.4170854271356783 4.834170854271357 0.2931392931392931 1630 962 282 43.09007936507936
1.2261306532663316 5.276381909547739 0.23238095238095235 1645 1050 244 45.77142857142857
0.8944723618090452 3.979899497487437 0.22474747474747475 1645 792 178 42.09027777777778
1.1055276381909547 4.934673366834171 0.22403258655804478 1645 982 220 35.297222222222224
2.798994974874372 2.2462311557788945 1.2460850111856823 1645 447 557 67.42222222222222
0.8592964824120602 6.0 0.14321608040201003 1645 1194 171 32.86944444444445
0.8341708542713567 5.974874371859296 0.13961312026913372 1645 1189 166 42.8984126984127
0.9246231155778895 6.457286432160804 0.1431906614785992 1645 1285 184 29.985119047619047
0.8291457286432161 7.291457286432161 0.11371467953135769 1645 1451 165 25.235515873015874
1.271356783919598 4.849246231155779 0.2621761658031088 1645 965 253 52.833333333333336
0.949748743718593 4.914572864321608 0.1932515337423313 1645 978 189 48.67083333333333
1.3718592964824121 4.477386934673367 0.3063973063973064 1645 891 273 36.817460317460316
0.7788944723618091 6.673366834170854 0.11671686746987953 1645 1328 155 39.982341269841264
1.1658291457286432 5.748743718592965 0.20279720279720279 1645 1144 232 42.12341269841269
0.864321608040201 7.432160804020101 0.11629479377958078 1645 1479 172 22.047420634920638
0.7085427135678392 7.934673366834171 0.08929702343255223 1645 1579 141 19.80277777777778
1.7085427135678393 4.547738693467337 0.37569060773480667 1645 905 340 48.59702380952382
0.914572864321608 6.4874371859296485 0.14097598760650656 1645 1291 182 35.56468253968254
1.6080402010050252 3.9547738693467336 0.4066073697585769 1645 787 320 46.84305555555556
0.7537688442211056 6.819095477386934 0.11053795136330141 1645 1357 150 30.687698412698413
1.1105527638190955 4.336683417085427 0.25608342989571264 1645 863 221 52.638888888888886
1.2311557788944723 5.42713567839196 0.2268518518518518 1660 1080 245 43.870238095238086
1.3869346733668342 4.989949748743719 0.27794561933534745 1660 993 276 50.22222222222223
1.1105527638190955 5.542713567839196 0.20036264732547598 1660 1103 221 30.3
0.9296482412060302 6.49748743718593 0.14307811291569994 1660 1293 185 27.185119047619043
1.0904522613065326 5.251256281407035 0.20765550239234448 1660 1045 217 43.16369047619048
0.7738693467336684 6.336683417085427 0.12212529738302934 1660 1261 154 32.256547619047616
1.2763819095477387 4.507537688442211 0.2831661092530658 1660 897 254 42.44166666666666
1.0603015075376885 5.778894472361809 0.1834782608695652 1660 1150 211 34.71984126984127
1.3869346733668342 4.482412060301508 0.3094170403587444 1660 892 276 51.77777777777777
1.3417085427135678 3.919597989949749 0.34230769230769226 1660 780 267 70.28472222222221
1.1557788944723617 5.025125628140704 0.22999999999999995 1660 1000 230 40.229166666666664
1.5527638190954773 4.110552763819095 0.37775061124694376 1660 818 309 57.026388888888896
0.8944723618090452 6.743718592964824 0.13263785394932937 1660 1342 178 30.646230158730162
1.0904522613065326 5.507537688442211 0.197992700729927 1660 1096 217 41.735119047619044
1.221105527638191 6.211055276381909 0.19660194174757284 1660 1236 243 36.872619047619054
1.1055276381909547 4.8542713567839195 0.22774327122153207 1660 966 220 52.83472222222222
1.1758793969849246 4.8040201005025125 0.24476987447698745 1660 956 234 55.03541666666667
0.7738693467336684 5.924623115577889 0.13061916878710772 1660 1179 154 36.557837301587305
0.7638190954773869 7.005025125628141 0.10903873744619799 1660 1394 152 28.953571428571426
0.8693467336683417 5.452261306532663 0.15944700460829492 1660 1085 173 40.18968253968254
1.3015075376884422 5.261306532663316 0.24737344794651386 1675 1047 259 33.13888888888889
1.0904522613065326 5.758793969849246 0.1893542757417103 1675 1146 217 33.94067460317461
1.3768844221105527 3.7738693467336684 0.36484687083888145 1675 751 274 51.50000000000001
1.2010050251256281 5.542713567839196 0.21668177697189483 1675 1103 239 37.51746031746031
0.9346733668341709 6.773869346733668 0.13798219584569735 1675 1348 186 30.296626984126988
0.5728643216080402 8.85427135678392 0.06469920544835414 1675 1762 114 18.57936507936508
1.2110552763819096 5.793969849246231 0.20901994796183868 1675 1153 241 49.32916666666667
1.085427135678392 4.0201005025125625 0.27 1675 800 216 53.37996031746032
1.085427135678392 5.658291457286432 0.19182948490230908 1675 1126 216 32.75595238095239
1.5226130653266332 4.582914572864322 0.33223684210526316 1675 912 303 33.234722222222224
0.914572864321608 6.708542713567839 0.13632958801498127 1675 1335 182 29.818253968253966
0.9949748743718593 6.723618090452261 0.14798206278026907 1675 1338 198 28.853670634920633
1.2261306532663316 4.080402010050252 0.3004926108374384 1675 812 244 53.06805555555556
1.8542713567839195 4.50251256281407 0.41183035714285715 1675 896 369 40.53611111111112
0.9246231155778895 7.125628140703518 0.12976022566995768 1675 1418 184 27.05892857142857
1.085427135678392 6.467336683417085 0.16783216783216784 1675 1287 216 36.9265873015873
1.1457286432160805 4.507537688442211 0.25418060200668896 1675 897 228 43.605158730158735
0.9547738693467337 4.8542713567839195 0.19668737060041408 1675 966 190 55.359920634920634
1.0251256281407035 6.0703517587939695 0.16887417218543047 1675 1208 204 34.71626984126984
1.0603015075376885 5.1708542713567835 0.20505344995140914 1675 1029 211 40.547222222222224
1.1457286432160805 4.984924623115578 0.22983870967741934 1690 992 228 45.991865079365084
1.3316582914572865 3.9447236180904524 0.33757961783439494 1690 785 265 47.583333333333336
2.71356783919598 3.6331658291457285 0.7468879668049794 1690 723 540 47.775
1.3819095477386936 5.035175879396985 0.2744510978043912 1690 1002 275 34.763888888888886
1.306532663316583 4.226130653266332 0.3091557669441141 1690 841 260 43.080555555555556
0.8793969849246231 7.256281407035176 0.12119113573407203 1690 1444 175 28.49424603174603
1.3266331658291457 5.582914572864322 0.2376237623762376 1690 1111 264 42.671130952380956
2.130653266331658 4.0954773869346734 0.5202453987730061 1690 815 424 58.78888888888889
1.2010050251256281 4.743718592964824 0.2531779661016949 1690 944 239 45.0811507936508
1.0753768844221105 5.567839195979899 0.1931407942238267 1690 1108 214 37.632440476190474
1.3819095477386936 5.402010050251256 0.2558139534883721 1690 1075 275 34.49999999999999
1.085427135678392 6.432160804020101 0.16875 1690 1280 216 35.64642857142857
1.5075376884422111 4.36180904522613 0.34562211981566826 1690 868 300 38.75694444444444
1.0 5.0954773869346734 0.19625246548323472 1690 1014 199 40.717261904761905
1.065326633165829 7.130653266331659 0.14940098661028892 1690 1419 212 27.975396825396828
1.5376884422110553 4.914572864321608 0.3128834355828221 1690 978 306 49.35833333333334
1.1407035175879396 5.346733668341709 0.21334586466165412 1690 1064 227 34.92896825396826
1.271356783919598 4.472361809045226 0.28426966292134837 1690 890 253 47.78194444444444
0.964824120603015 6.467336683417085 0.14918414918414918 1690 1287 192 32.103769841269845
0.9246231155778895 5.793969849246231 0.1595836947094536 1690 1153 184 41.583333333333336
1.135678391959799 6.150753768844221 0.184640522875817 1705 1224 226 34.80079365079364
1.3668341708542713 7.371859296482412 0.18541240627130198 1705 1467 272 18.433531746031747
1.2060301507537687 6.266331658291457 0.19246190858059342 1705 1247 240 29.666666666666668
1.1306532663316582 4.944723618090452 0.22865853658536583 1705 984 225 32.593650793650795
1.3165829145728642 4.562814070351759 0.28854625550660795 1705 908 262 35.7906746031746
1.0954773869346734 5.582914572864322 0.19621962196219622 1705 1111 218 31.100198412698415
1.2814070351758795 5.577889447236181 0.22972972972972974 1705 1110 255 38.46587301587302
1.2261306532663316 6.472361809045226 0.18944099378881987 1705 1288 244 31.933531746031747
1.1809045226130652 6.628140703517588 0.1781652767247915 1705 1319 235 33.544246031746034
1.5376884422110553 4.743718592964824 0.3241525423728813 1705 944 306 37.975
1.0904522613065326 5.562814070351759 0.1960252935862692 1705 1107 217 26.37202380952381
1.3618090452261307 4.8040201005025125 0.28347280334728037 1705 956 271 39.94305555555556
1.2814070351758795 5.547738693467337 0.23097826086956524 1705 1104 255 38.18194444444445
1.256281407035176 5.507537688442211 0.22810218978102192 1705 1096 250 33.03055555555555
1.0 7.472361809045226 0.13382649630127774 1705 1487 199 23.709325396825395
0.9095477386934674 6.311557788944723 0.1441082802547771 1705 1256 181 38.146031746031746
0.9899497487437185 6.517587939698492 0.15188897455666925 1705 1297 197 34.43154761904762
1.1155778894472361 5.386934673366834 0.20708955223880596 1705 1072 222 30.390575396825398
1.3668341708542713 4.0703517587939695 0.3358024691358025 1705 810 272 42.900396825396825
1.5276381909547738 4.889447236180905 0.3124357656731757 1705 973 304 37.99761904761905
0.8693467336683417 7.407035175879397 0.11736770691994573 1755 1474 173 30.30287698412698
0.8592964824120602 6.8542713567839195 0.125366568914956 1755 1364 171 31.705059523809524
1.321608040201005 5.603015075376884 0.2358744394618834 1755 1115 263 50.06785714285714
0.7437185929648241 7.125628140703518 0.10437235543018335 1755 1418 148 33.628571428571426
0.8944723618090452 7.663316582914573 0.11672131147540984 1755 1525 178 27.31140873015873
0.8994974874371859 6.0703517587939695 0.14817880794701987 1755 1208 179 37.24265873015873
0.8140703517587939 6.738693467336684 0.12080536912751677 1755 1341 162 28.05674603174603
0.7638190954773869 7.608040201005025 0.10039630118890357 1755 1514 152 30.704067460317457
0.9246231155778895 6.206030150753769 0.14898785425101216 1755 1235 184 33.833333333333336
1.1758793969849246 6.562814070351759 0.17917304747320062 1755 1306 234 30.557936507936507
1.2060301507537687 5.71859296482412 0.210896309314587 1755 1138 240 40.15555555555556
1.3015075376884422 6.311557788944723 0.20621019108280256 1755 1256 259 33.31924603174603
1.1658291457286432 4.482412060301508 0.2600896860986547 1755 892 232 43.553174603174604
0.9748743718592965 6.381909547738694 0.152755905511811 1755 1270 194 31.682142857142864
0.9547738693467337 5.698492462311558 0.1675485008818342 1755 1134 190 34.710813492063494
0.7989949748743719 7.291457286432161 0.10957960027567196 1755 1451 159 31.755357142857147
0.9195979899497487 5.688442211055277 0.161660777385159 1755 1132 183 40.11111111111111
1.0603015075376885 5.185929648241206 0.20445736434108527 1755 1032 211 49.32500000000001
0.6834170854271356 5.653266331658291 0.12088888888888888 1755 1125 136 40.785714285714285
0.9246231155778895 5.628140703517588 0.16428571428571428 1755 1120 184 55.02916666666666
1.0904522613065326 4.949748743718593 0.22030456852791877 1770 985 217 57.39722222222222
0.964824120603015 6.899497487437186 0.13983976693372177 1770 1373 192 30.988690476190474
1.0904522613065326 5.693467336683417 0.1915269196822595 1770 1133 217 36.46388888888889
1.3115577889447236 5.130653266331659 0.2556317335945152 1770 1021 261 49.82638888888889
0.8341708542713567 5.778894472361809 0.1443478260869565 1770 1150 166 44.70416666666667
1.3517587939698492 4.060301507537688 0.33292079207920794 1770 808 269 48.023611111111116
0.8140703517587939 7.658291457286432 0.10629921259842519 1770 1524 162 29.35238095238095
0.8190954773869347 6.733668341708543 0.12164179104477611 1770 1340 163 37.046031746031744
1.1055276381909547 4.532663316582915 0.2439024390243902 1770 902 220 55.73373015873016
1.1457286432160805 5.542713567839196 0.20670897552130554 1770 1103 228 52.96190476190477
1.1557788944723617 5.899497487437186 0.1959114139693356 1770 1174 230 39.476190476190474
1.0603015075376885 4.743718592964824 0.2235169491525424 1770 944 211 41.114583333333336
0.6683417085427136 7.628140703517588 0.08761528326745718 1770 1518 133 27.536507936507935
1.2110552763819096 5.623115577889447 0.2153708668453977 1770 1119 241 45.043055555555554
0.9698492462311558 5.155778894472362 0.1881091617933723 1770 1026 193 54.33224206349206
0.8542713567839196 6.778894472361809 0.12601927353595255 1770 1349 170 31.5343253968254
1.0301507537688441 5.5376884422110555 0.18602540834845732 1770 1102 205 47.66388888888889
1.135678391959799 6.49748743718593 0.17478731631863884 1770 1293 226 29.5
1.0452261306532664 6.5879396984924625 0.15865751334858888 1770 1311 208 39.354166666666664
0.7889447236180904 6.798994974874372 0.11603843311160383 1770 1353 157 43.66726190476191
1.1959798994974875 5.603015075376884 0.2134529147982063 1785 1115 238 43.10128968253969
1.150753768844221 6.693467336683417 0.1719219219219219 1785 1332 229 34.74960317460317
1.0804020100502512 6.4874371859296485 0.1665375677769171 1785 1291 215 32.931150793650794
0.9195979899497487 6.708542713567839 0.13707865168539327 1785 1335 183 34.381349206349206
1.020100502512563 6.542713567839196 0.15591397849462366 1785 1302 203 45.848809523809514
1.1256281407035176 6.301507537688442 0.17862838915470494 1785 1254 224 29.43263888888889
1.236180904522613 5.291457286432161 0.2336182336182336 1785 1053 246 40.8938492063492
0.8894472361809045 6.85929648241206 0.12967032967032968 1785 1365 177 35.55
1.0552763819095476 6.175879396984925 0.17087062652563056 1785 1229 210 37.23561507936508
2.07035175879397 4.035175879396985 0.5130759651307596 1785 803 412 57.044444444444444
1.120603015075377 4.984924623115578 0.2247983870967742 1785 992 223 43.982142857142854
0.7336683417085427 7.261306532663316 0.10103806228373702 1785 1445 146 41.63650793650793
0.9396984924623115 6.793969849246231 0.1383136094674556 1785 1352 187 30.882142857142856
0.9798994974874372 6.57286432160804 0.14908256880733947 1785 1308 195 31.92311507936508
1.5577889447236182 3.6180904522613067 0.4305555555555556 1785 720 310 52.893055555555556
1.2864321608040201 5.894472361809045 0.21824381926683717 1785 1173 256 45.36111111111111
1.3969849246231156 3.728643216080402 0.37466307277628036 1785 742 278 56.923611111111114
1.0603015075376885 6.105527638190955 0.17366255144032922 1785 1215 211 38.1265873015873
0.7788944723618091 7.64321608040201 0.10190664036817883 1785 1521 155 30.47470238095238
1.1256281407035176 5.271356783919598 0.21353670162059105 1785 1049 224 42.525
0.9195979899497487 6.758793969849246 0.13605947955390335 1800 1345 183 34.3531746031746
0.9748743718592965 5.814070351758794 0.1676750216076059 1800 1157 194 35.622619047619054
1.07035175879397 4.1206030150753765 0.2597560975609757 1800 820 213 54.660317460317465
0.8743718592964824 7.231155778894473 0.12091730368311326 1800 1439 174 33.7109126984127
1.4773869346733668 5.974874371859296 0.24726661059714047 1800 1189 294 38.19047619047619
1.0954773869346734 5.623115577889447 0.19481680071492408 1800 1119 218 48.262499999999996
1.256281407035176 5.4874371859296485 0.22893772893772896 1800 1092 250 36.37152777777778
0.6532663316582915 8.507537688442211 0.0767867690490254 1800 1693 130 23.90734126984127
0.9045226130653267 6.371859296482412 0.14195583596214512 1800 1268 180 39.271031746031746
1.1457286432160805 6.296482412060302 0.1819632881085395 1800 1253 228 39.31527777777777
1.3919597989949748 4.1959798994974875 0.3317365269461078 1800 835 277 45.62638888888889
1.7537688442211055 4.944723618090452 0.3546747967479675 1800 984 349 30.542757936507936
1.221105527638191 5.814070351758794 0.21002592912705276 1800 1157 243 32.974999999999994
1.2060301507537687 4.889447236180905 0.24665981500513873 1800 973 240 41.770833333333336
0.9447236180904522 6.592964824120603 0.14329268292682926 1800 1312 188 35.93194444444444
0.7989949748743719 6.974874371859296 0.11455331412103748 1800 1388 159 34.39047619047619
0.7989949748743719 6.402010050251256 0.12480376766091052 1800 1274 159 33.37876984126985
1.271356783919598 6.055276381909548 0.2099585062240664 1800 1205 253 36.45297619047619
1.8341708542713568 2.8894472361809047 0.6347826086956522 1800 575 365 59.675000000000004
1.0050251256281406 5.814070351758794 0.17286084701815038 1800 1157 200 43.73968253968254
1.0552763819095476 7.115577889447236 0.1483050847457627 1815 1416 210 31.526488095238093
1.1809045226130652 6.381909547738694 0.18503937007874013 1815 1270 235 37.49672619047619
1.07035175879397 7.688442211055277 0.1392156862745098 1815 1530 213 27.776587301587302
0.9396984924623115 5.14070351758794 0.18279569892473116 1815 1023 187 55.11428571428571
0.8341708542713567 6.884422110552764 0.12116788321167882 1815 1370 166 37.538888888888884
1.4271356783919598 5.165829145728643 0.27626459143968873 1815 1028 284 38.735416666666666
1.170854271356784 6.603015075376884 0.17732115677321159 1815 1314 233 34.91220238095239
1.0603015075376885 6.814070351758794 0.1556047197640118 1815 1356 211 36.38829365079365
1.4020100502512562 4.678391959798995 0.29967776584317934 1815 931 279 45.831944444444446
1.2663316582914572 4.723618090452261 0.2680851063829787 1815 940 252 55.45763888888889
0.8492462311557789 7.201005025125628 0.11793440334961619 1815 1433 169 34.42559523809524
0.864321608040201 6.522613065326633 0.1325115562403698 1815 1298 172 38.28134920634921
1.0552763819095476 5.035175879396985 0.20958083832335325 1815 1002 210 51.71230158730159
1.1608040201005025 5.693467336683417 0.20388349514563106 1815 1133 231 40.455555555555556
0.8793969849246231 6.738693467336684 0.13049962714392244 1815 1341 175 39.80396825396826
0.8693467336683417 7.2462311557788945 0.11997226074895978 1815 1442 173 32.227876984126986
1.6281407035175879 3.5678391959798996 0.45633802816901403 1815 710 324 59.11805555555555
1.1457286432160805 5.567839195979899 0.2057761732851986 1815 1108 228 48.968650793650795
1.1557788944723617 6.49748743718593 0.17788089713843772 1815 1293 230 33.208333333333336
0.9396984924623115 5.326633165829146 0.17641509433962263 1815 1060 187 43.35218253968254
1.2914572864321607 5.437185929648241 0.2375231053604436 1830 1082 257 38.977777777777774
1.2010050251256281 5.618090452261306 0.21377459749552774 1830 1118 239 47.64722222222222
1.185929648241206 4.984924623115578 0.2379032258064516 1830 992 236 53.979166666666664
1.035175879396985 6.271356783919598 0.1650641025641026 1830 1248 206 38.468650793650795
1.306532663316583 5.201005025125628 0.25120772946859904 1830 1035 260 36.700694444444444
1.0954773869346734 5.080402010050252 0.21562809099901087 1830 1011 218 50.76111111111111
1.2311557788944723 6.989949748743719 0.17613227893601724 1830 1391 245 29.27440476190476
0.8743718592964824 6.015075376884422 0.14536340852130328 1830 1197 174 38.546230158730154
1.1457286432160805 4.160804020100502 0.27536231884057977 1830 828 228 43.20277777777778
0.9447236180904522 5.703517587939698 0.1656387665198238 1830 1135 188 41.42847222222222
1.050251256281407 6.065326633165829 0.1731565865782933 1830 1207 209 44.26626984126984
1.120603015075377 6.472361809045226 0.17313664596273295 1830 1288 223 29.68968253968254
1.2814070351758795 3.869346733668342 0.33116883116883117 1830 770 255 41.20972222222222
1.3266331658291457 4.64321608040201 0.2857142857142857 1830 924 264 42.3125
1.2160804020100502 5.738693467336684 0.21190893169877406 1830 1142 242 38.52896825396826
1.271356783919598 5.648241206030151 0.22508896797153025 1830 1124 253 44.88402777777778
1.0050251256281406 6.678391959798995 0.15048908954100826 1830 1329 200 35.73115079365079
1.1055276381909547 4.869346733668341 0.22703818369453044 1830 969 220 38.944444444444436
0.9698492462311558 6.889447236180905 0.14077315827862874 1830 1371 193 35.77837301587301
1.1306532663316582 6.175879396984925 0.18307567127746133 1830 1229 225 40.115674603174604
1.2311557788944723 5.50251256281407 0.2237442922374429 1845 1095 245 49.18333333333334
0.8743718592964824 8.226130653266331 0.10629199755650581 1845 1637 174 25.828174603174602
1.065326633165829 6.5125628140703515 0.16358024691358025 1845 1296 212 42.053373015873014
0.7487437185929648 8.195979899497488 0.09135499693439608 1845 1631 149 27.344742063492063
1.2010050251256281 6.2462311557788945 0.1922767497988737 1845 1243 239 34.45327380952381
1.015075376884422 6.28140703517588 0.1616 1845 1250 202 39.92599206349207
1.07035175879397 5.452261306532663 0.19631336405529956 1845 1085 213 47.82420634920635
1.3768844221105527 5.743718592964824 0.23972003499562552 1845 1143 274 37.455753968253966
1.3718592964824121 5.150753768844221 0.26634146341463416 1845 1025 273 40.68888888888889
0.6834170854271356 9.231155778894472 0.07403375068045727 1845 1837 136 18.499801587301587
1.4673366834170853 4.703517587939698 0.31196581196581197 1845 936 292 61.04027777777778
1.3015075376884422 5.316582914572864 0.2448015122873346 1845 1058 259 44.39027777777778
0.964824120603015 7.185929648241206 0.13426573426573427 1845 1430 192 32.98888888888889
1.1407035175879396 6.201005025125628 0.1839546191247974 1845 1234 227 32.54563492063492
1.1557788944723617 4.949748743718593 0.23350253807106597 1845 985 230 37.700661375661376
0.7889447236180904 6.743718592964824 0.11698956780923993 1845 1342 157 34.087896825396825
1.1457286432160805 4.7537688442211055 0.24101479915433405 1845 946 228 46.09166666666666
1.4422110552763818 4.809045226130653 0.2998955067920585 1845 957 287 49.270833333333336
1.321608040201005 4.0703517587939695 0.3246913580246914 1845 810 263 42.730555555555554
1.3969849246231156 4.251256281407035 0.3286052009456265 1845 846 278 60.02777777777778
1.3417085427135678 5.653266331658291 0.2373333333333333 1860 1125 267 38.7671626984127
1.3819095477386936 4.532663316582915 0.3048780487804878 1860 902 275 42.88194444444445
1.0100502512562815 7.864321608040201 0.1284345047923323 1860 1565 201 29.254563492063493
1.1256281407035176 6.849246231155779 0.16434336023477622 1860 1363 224 33.82142857142858
1.1105527638190955 7.894472361809045 0.1406747294716741 1860 1571 221 29.77678571428571
1.3165829145728642 5.623115577889447 0.23413762287756926 1860 1119 262 32.40079365079365
1.5125628140703518 4.78391959798995 0.3161764705882353 1860 952 301 38.94652777777778
1.236180904522613 5.5125628140703515 0.22424794895168643 1860 1097 246 41.824999999999996
1.5477386934673367 4.778894472361809 0.323869610935857 1860 951 308 41.79027777777778
1.6633165829145728 4.306532663316583 0.38623103850641777 1860 857 331 36.70039682539683
0.9346733668341709 7.040201005025126 0.13276231263383298 1860 1401 186 33.076884920634924
1.0251256281407035 5.42713567839196 0.18888888888888888 1860 1080 204 34.80644841269841
1.4623115577889447 5.5376884422110555 0.26406533575317603 1860 1102 291 46.62083333333334
1.015075376884422 5.266331658291457 0.19274809160305345 1860 1048 202 41.65416666666667
1.3115577889447236 3.2763819095477387 0.4003067484662577 1860 652 261 49.5
1.050251256281407 5.9296482412060305 0.1771186440677966 1860 1180 209 44.06071428571428
1.3165829145728642 5.959798994974874 0.22091062394603708 1860 1186 262 40.930257936507935
1.050251256281407 6.326633165829146 0.16600476568705322 1860 1259 209 40.333035714285714
1.2814070351758795 5.100502512562814 0.2512315270935961 1860 1015 255 43.72638888888889
1.2261306532663316 4.703517587939698 0.2606837606837607 1860 936 244 57.72172619047618
1.4170854271356783 5.9296482412060305 0.2389830508474576 1875 1180 282 33.893452380952375
1.2763819095477387 5.371859296482412 0.23760523854069224 1875 1069 254 45.2608134920635
1.0804020100502512 4.49748743718593 0.2402234636871508 1875 895 215 51.18611111111111
1.4673366834170853 4.165829145728643 0.35223160434258144 1875 829 292 51.02777777777777
0.914572864321608 7.613065326633166 0.12013201320132014 1875 1515 182 31.270932539682537
1.4170854271356783 6.211055276381909 0.22815533980582522 1875 1236 282 33.17202380952381
1.1959798994974875 6.698492462311558 0.17854463615903976 1875 1333 238 36.59871031746032
1.3819095477386936 5.190954773869347 0.26621490803485 1875 1033 275 41.709722222222226
1.5477386934673367 3.7035175879396984 0.41791044776119407 1875 737 308 64.57638888888889
1.4824120603015076 5.065326633165829 0.2926587301587302 1875 1008 295 48.86388888888889
1.1105527638190955 6.396984924623116 0.17360565593087196 1875 1273 221 41.40972222222222
1.020100502512563 5.723618090452261 0.1782265144863916 1875 1139 203 48.06527777777779
1.407035175879397 3.522613065326633 0.3994293865905849 1875 701 280 53.0625
1.7889447236180904 4.708542713567839 0.3799359658484525 1875 937 356 46.723611111111104
1.321608040201005 6.391959798994975 0.20676100628930819 1875 1272 263 31.92638888888889
1.085427135678392 7.2462311557788945 0.14979195561719835 1875 1442 216 33.363095238095234
1.2814070351758795 4.658291457286432 0.2750809061488673 1875 927 255 44.94166666666666
1.3969849246231156 5.035175879396985 0.2774451097804391 1875 1002 278 42.20833333333333
1.1608040201005025 5.010050251256281 0.23169508525576732 1875 997 231 43.21111111111111
1.020100502512563 6.7537688442211055 0.15104166666666669 1875 1344 203 36.043055555555554
1.4974874371859297 5.090452261306533 0.29417571569595263 1890 1013 298 41.992956349206345
1.4673366834170853 4.472361809045226 0.32808988764044944 1890 890 292 45.916666666666664
1.6633165829145728 4.341708542713568 0.38310185185185186 1890 864 331 46.02916666666667
1.2864321608040201 5.547738693467337 0.2318840579710145 1890 1104 256 34.97837301587302
1.321608040201005 6.547738693467337 0.20184190330007676 1890 1303 263 31.878869047619048
1.3919597989949748 4.251256281407035 0.32742316784869974 1890 846 277 33.94444444444444
1.2412060301507537 4.201005025125628 0.2954545454545454 1890 836 247 56.048611111111114
1.7487437185929648 4.603015075376884 0.3799126637554585 1890 916 348 49.38263888888889
1.2763819095477387 5.175879396984925 0.2466019417475728 1890 1030 254 40.05932539682539
1.1155778894472361 4.839195979899498 0.2305295950155763 1890 963 222 25.960714285714285
1.678391959798995 5.251256281407035 0.31961722488038274 1890 1045 334 39.21805555555555
1.2512562814070352 5.376884422110553 0.23271028037383176 1890 1070 249 42.44593253968254
1.3467336683417086 6.934673366834171 0.19420289855072465 1890 1380 268 29.433829365079365
1.150753768844221 6.527638190954774 0.17628945342571206 1890 1299 229 32.49027777777778
1.7587939698492463 4.0 0.4396984924623116 1890 796 350 76.575
1.135678391959799 7.708542713567839 0.1473272490221643 1890 1534 226 32.827380952380956
1.2964824120603016 5.331658291457287 0.24316682375117812 1890 1061 258 41.76388888888889
1.236180904522613 6.1708542713567835 0.2003257328990228 1890 1228 246 37.25138888888889
1.1909547738693467 5.924623115577889 0.2010178117048346 1890 1179 237 36.56805555555555
1.8844221105527639 4.909547738693467 0.38382804503582396 1890 977 375 60.25972222222222
