0.1507537688442211 6.603015075376884 0.0228310502283105 1200 1314 30 8.618055555555555
0.9949748743718593 4.467336683417085 0.22272215973003376 1200 889 198 37.651785714285715
0.1658291457286432 6.055276381909548 0.027385892116182572 1200 1205 33 17.059722222222224
0.19597989949748743 5.763819095477387 0.03400174367916303 1200 1147 39 25.059722222222224
0.135678391959799 6.658291457286432 0.020377358490566037 1200 1325 27 11.327777777777778
0.4472361809045226 4.633165829145729 0.096529284164859 1200 922 89 45.166666666666664
0.457286432160804 4.723618090452261 0.09680851063829787 1200 940 91 49.43611111111111
0.135678391959799 6.603015075376884 0.020547945205479454 1200 1314 27 7.012499999999999
0.1658291457286432 6.552763819095477 0.02530674846625767 1200 1304 33 7.226388888888889
0.11557788944723618 6.63819095477387 0.0174110522331567 1200 1321 23 6.4789682539682545
0.19095477386934673 5.708542713567839 0.03345070422535211 1200 1136 38 22.576388888888886
0.10552763819095477 6.678391959798995 0.015801354401805866 1200 1329 21 6.263888888888889
0.6633165829145728 4.628140703517588 0.14332247557003255 1200 921 132 42.84305555555556
0.12562814070351758 6.723618090452261 0.01868460388639761 1200 1338 25 6.3125
0.1708542713567839 5.728643216080402 0.029824561403508767 1200 1140 34 29.96805555555555
0.11557788944723618 6.703517587939698 0.017241379310344827 1200 1334 23 8.677777777777777
0.12060301507537688 6.522613065326633 0.01848998459167951 1200 1298 24 9.469444444444443
0.4120603015075377 5.376884422110553 0.07663551401869158 1200 1070 82 33.388888888888886
0.4623115577889447 5.055276381909548 0.09145129224652088 1200 1006 92 35.27916666666666
0.4271356783919598 5.452261306532663 0.0783410138248848 1200 1085 85 25.977777777777774
0.49748743718592964 4.311557788944723 0.11538461538461539 1215 858 99 65.11805555555556
0.2964824120603015 5.768844221105527 0.05139372822299652 1215 1148 59 29.86944444444444
0.22110552763819097 6.010050251256281 0.03678929765886288 1215 1196 44 22.97361111111111
0.40703517587939697 5.366834170854271 0.07584269662921349 1215 1068 81 28.052777777777777
0.2613065326633166 5.959798994974874 0.04384485666104554 1215 1186 52 25.74444444444444
0.7939698492462312 3.512562814070352 0.22603719599427752 1215 699 158 57.26111111111111
0.6532663316582915 4.8040201005025125 0.13598326359832638 1215 956 130 36.10972222222222
0.5527638190954773 5.371859296482412 0.1028999064546305 1215 1069 110 24.405555555555555
0.22110552763819097 5.869346733668341 0.037671232876712334 1215 1168 44 23.025000000000002
0.4472361809045226 5.618090452261306 0.07960644007155636 1215 1118 89 26.83611111111111
0.1507537688442211 6.346733668341709 0.023752969121140142 1215 1263 30 14.776388888888887
0.46733668341708545 4.743718592964824 0.09851694915254237 1215 944 93 50.59305555555556
0.23115577889447236 5.768844221105527 0.04006968641114983 1215 1148 46 29.622222222222224
0.8341708542713567 4.125628140703518 0.20219244823386112 1215 821 166 50.98888888888889
0.32663316582914576 5.673366834170854 0.05757307351638619 1215 1129 65 26.18472222222222
0.1306532663316583 6.703517587939698 0.01949025487256372 1215 1334 26 7.163888888888889
0.39195979899497485 5.391959798994975 0.07269338303821062 1215 1073 78 36.40694444444444
0.5025125628140703 5.567839195979899 0.09025270758122743 1215 1108 100 25.51527777777778
0.40703517587939697 4.78391959798995 0.08508403361344537 1215 952 81 39.324999999999996
0.34673366834170855 5.045226130653266 0.06872509960159362 1215 1004 69 31.965277777777782
0.20100502512562815 6.050251256281407 0.03322259136212625 1230 1204 40 22.025000000000002
0.5276381909547738 4.64321608040201 0.11363636363636362 1230 924 105 46.300000000000004
0.3969849246231156 5.723618090452261 0.06935908691834944 1230 1139 79 27.57777777777778
0.2814070351758794 5.693467336683417 0.049426301853486315 1230 1133 56 31.93472222222222
0.2562814070351759 5.35678391959799 0.04784240150093809 1230 1066 51 36.00694444444444
0.2914572864321608 5.306532663316583 0.054924242424242424 1230 1056 58 35.56527777777777
0.21105527638190955 6.5879396984924625 0.032036613272311214 1230 1311 42 9.168055555555556
0.7286432160804021 4.341708542713568 0.16782407407407407 1230 864 145 40.204166666666666
0.46733668341708545 4.914572864321608 0.0950920245398773 1230 978 93 38.18055555555556
0.6683417085427136 4.407035175879397 0.1516533637400228 1230 877 133 37.26388888888889
0.16080402010050251 6.824120603015075 0.023564064801178206 1230 1358 32 6.123611111111111
0.4623115577889447 5.703517587939698 0.08105726872246696 1230 1135 92 25.3875
0.2613065326633166 5.824120603015075 0.044866264020707515 1230 1159 52 28.120039682539684
0.5326633165829145 4.105527638190955 0.12974296205630353 1230 817 106 58.991666666666674
0.5879396984924623 4.316582914572864 0.1362048894062864 1230 859 117 52.519444444444446
0.3316582914572864 5.728643216080402 0.057894736842105256 1230 1140 66 30.001388888888886
1.0050251256281406 4.130653266331659 0.24330900243308998 1230 822 200 52.37638888888889
0.33668341708542715 5.7537688442211055 0.058515283842794766 1230 1145 67 27.177777777777777
0.17587939698492464 6.698492462311558 0.02625656414103526 1230 1333 35 7.7250000000000005
0.2964824120603015 5.748743718592965 0.051573426573426576 1230 1144 59 29.341666666666665
1.1758793969849246 4.889447236180905 0.24049331963001028 1245 973 234 33.6875
0.7638190954773869 4.763819095477387 0.16033755274261605 1245 948 152 43.71527777777777
0.19597989949748743 6.316582914572864 0.031026252983293555 1245 1257 39 19.89166666666667
0.7537688442211056 4.507537688442211 0.16722408026755856 1245 897 150 42.85
0.36683417085427134 5.42713567839196 0.06759259259259258 1245 1080 73 29.947222222222226
0.964824120603015 3.301507537688442 0.2922374429223744 1245 657 192 51.24027777777778
0.5226130653266332 4.321608040201005 0.12093023255813956 1245 860 104 53.56805555555555
0.2562814070351759 5.8542713567839195 0.04377682403433476 1245 1165 51 28.38333333333333
0.25125628140703515 6.190954773869347 0.04058441558441558 1245 1232 50 16.126388888888886
0.32160804020100503 5.507537688442211 0.05839416058394161 1245 1096 64 34.43333333333333
0.36683417085427134 6.1457286432160805 0.05968928863450531 1245 1223 73 18.92083333333333
0.35678391959798994 5.798994974874372 0.06152512998266898 1245 1154 71 28.787499999999998
0.507537688442211 5.693467336683417 0.08914386584289496 1245 1133 101 30.79861111111111
0.5125628140703518 5.14070351758794 0.09970674486803519 1245 1023 102 37.68611111111111
0.32663316582914576 5.678391959798995 0.05752212389380531 1245 1130 65 26.337500000000002
0.16080402010050251 6.738693467336684 0.023862788963460103 1245 1341 32 8.781746031746032
0.20100502512562815 6.150753768844221 0.032679738562091505 1245 1224 40 19.209722222222222
0.3316582914572864 4.809045226130653 0.06896551724137931 1245 957 66 48.12638888888889
0.47738693467336685 4.658291457286432 0.10248112189859764 1245 927 95 43.84583333333333
0.37185929648241206 4.969849246231155 0.07482305358948434 1245 989 74 51.768055555555556
0.20100502512562815 5.844221105527638 0.034393809114359415 1260 1163 40 28.506944444444446
0.35175879396984927 5.673366834170854 0.062001771479185126 1260 1129 70 27.00277777777778
0.22613065326633167 6.316582914572864 0.03579952267303103 1260 1257 45 17.905555555555555
0.4271356783919598 5.346733668341709 0.07988721804511278 1260 1064 85 35.70555555555555
0.19095477386934673 6.763819095477387 0.02823179791976226 1260 1346 38 10.716666666666667
0.36683417085427134 5.4874371859296485 0.06684981684981685 1260 1092 73 38.079166666666666
0.24120603015075376 6.065326633165829 0.03976801988400994 1260 1207 48 30.20277777777778
0.4221105527638191 5.185929648241206 0.0813953488372093 1260 1032 84 33.06805555555555
0.2562814070351759 5.7537688442211055 0.0445414847161572 1260 1145 51 29.188888888888886
0.7185929648241206 4.0 0.17964824120603015 1260 796 143 51.50694444444445
0.15577889447236182 7.025125628140704 0.02217453505007153 1260 1398 31 5.959126984126985
0.542713567839196 4.507537688442211 0.12040133779264214 1260 897 108 45.52361111111111
0.271356783919598 6.276381909547739 0.043234587670136104 1260 1249 54 21.776388888888892
0.3165829145728643 5.1708542713567835 0.061224489795918366 1260 1029 63 45.30198412698413
0.33668341708542715 5.8793969849246235 0.05726495726495726 1260 1170 67 25.313888888888894
0.18090452261306533 6.793969849246231 0.026627218934911243 1260 1352 36 8.083333333333334
0.4623115577889447 5.798994974874372 0.07972270363951472 1260 1154 92 21.445833333333336
0.5527638190954773 5.924623115577889 0.09329940627650551 1260 1179 110 24.761111111111116
0.2663316582914573 5.798994974874372 0.04592720970537262 1260 1154 53 29.138888888888896
0.5678391959798995 4.2462311557788945 0.13372781065088757 1260 845 113 54.875
0.6482412060301508 4.9798994974874375 0.1301715438950555 1275 991 129 47.62222222222223
0.3065326633165829 5.311557788944723 0.057710501419110695 1275 1057 61 34.37222222222222
0.45226130653266333 5.964824120603015 0.07582139848357204 1275 1187 90 26.03333333333333
0.19095477386934673 7.090452261306533 0.026931254429482635 1275 1411 38 6.986111111111112
0.678391959798995 5.010050251256281 0.1354062186559679 1275 997 135 47.44583333333333
0.39195979899497485 4.698492462311558 0.08342245989304813 1275 935 78 55.194444444444436
0.36683417085427134 5.311557788944723 0.06906338694418164 1275 1057 73 44.884722222222216
0.5376884422110553 5.190954773869347 0.10358180058083252 1275 1033 107 33.84861111111111
0.4824120603015075 5.9296482412060305 0.08135593220338982 1275 1180 96 24.650000000000002
0.20100502512562815 6.9296482412060305 0.0290065264684554 1275 1379 40 6.870833333333333
1.015075376884422 4.311557788944723 0.23543123543123542 1275 858 202 46.30972222222223
0.628140703517588 3.979899497487437 0.15782828282828285 1275 792 125 52.479166666666664
0.2613065326633166 6.597989949748744 0.039603960396039604 1275 1313 52 17.07777777777778
0.5025125628140703 3.7537688442211055 0.13386880856760375 1275 747 100 59.47083333333333
0.4321608040201005 5.296482412060302 0.08159392789373814 1275 1054 86 41.330555555555556
0.23115577889447236 6.824120603015075 0.03387334315169367 1275 1358 46 10.557539682539682
0.21105527638190955 6.9045226130653266 0.03056768558951965 1275 1374 42 8.033333333333333
0.5778894472361809 4.728643216080402 0.12221041445270986 1275 941 115 44.104166666666664
0.5025125628140703 5.256281407035176 0.09560229445506692 1275 1046 100 31.238888888888884
0.17587939698492464 7.015075376884422 0.02507163323782235 1275 1396 35 6.666666666666667
0.6733668341708543 4.959798994974874 0.13576494427558258 1290 987 134 39.102777777777774
0.5276381909547738 4.809045226130653 0.10971786833855798 1290 957 105 40.824999999999996
0.4020100502512563 6.180904522613066 0.06504065040650406 1290 1230 80 31.46111111111111
0.6884422110552764 6.190954773869347 0.11120129870129869 1290 1232 137 14.963888888888889
0.47738693467336685 6.025125628140704 0.07923269391159299 1290 1199 95 25.623611111111114
0.33668341708542715 6.371859296482412 0.05283911671924291 1290 1268 67 20.79861111111111
1.0301507537688441 4.743718592964824 0.21716101694915252 1290 944 205 33.24444444444445
0.6582914572864321 4.291457286432161 0.1533957845433255 1290 854 131 51.77638888888888
0.4623115577889447 5.321608040201005 0.08687440982058546 1290 1059 92 33.8625
0.4120603015075377 4.7537688442211055 0.08668076109936575 1290 946 82 55.97777777777777
0.457286432160804 5.296482412060302 0.08633776091081594 1290 1054 91 37.60833333333333
0.4120603015075377 5.944723618090452 0.06931530008453085 1290 1183 82 28.920833333333334
0.7688442211055276 4.914572864321608 0.15644171779141106 1290 978 153 40.56666666666667
0.22613065326633167 6.834170854271357 0.03308823529411765 1290 1360 45 10.420833333333333
0.35678391959798994 5.271356783919598 0.0676835081029552 1290 1049 71 39.94444444444444
0.5276381909547738 4.884422110552764 0.10802469135802467 1290 972 105 42.419444444444444
0.3065326633165829 6.045226130653266 0.05070656691604322 1290 1203 61 25.71111111111111
0.36683417085427134 5.954773869346734 0.06160337552742616 1290 1185 73 28.7375
0.2864321608040201 6.50251256281407 0.04404945904173107 1290 1294 57 14.929166666666669
0.542713567839196 6.055276381909548 0.08962655601659751 1290 1205 108 24.147222222222222
0.4371859296482412 6.100502512562814 0.07166392092257001 1305 1214 87 25.90138888888889
0.6482412060301508 6.341708542713568 0.10221870047543583 1305 1262 129 18.840277777777775
0.8442211055276382 5.0201005025125625 0.16816816816816818 1305 999 168 35.37916666666667
0.8542713567839196 4.331658291457287 0.19721577726218098 1305 862 170 48.572222222222216
0.4221105527638191 4.763819095477387 0.08860759493670886 1305 948 84 51.451388888888886
0.8944723618090452 4.21608040201005 0.21215733015494637 1305 839 178 52.40277777777777
0.4623115577889447 5.316582914572864 0.08695652173913045 1305 1058 92 31.54444444444444
0.2663316582914573 6.934673366834171 0.03840579710144927 1305 1380 53 6.434722222222223
1.5778894472361809 4.160804020100502 0.37922705314009664 1305 828 314 35.38968253968253
0.5728643216080402 5.517587939698492 0.10382513661202188 1305 1098 114 36.36111111111111
0.24120603015075376 7.135678391959799 0.03380281690140845 1305 1420 48 10.363888888888889
0.5175879396984925 5.582914572864322 0.0927092709270927 1305 1111 103 22.955555555555552
0.22110552763819097 7.050251256281407 0.03136136849607983 1305 1403 44 5.716666666666668
0.4221105527638191 5.21608040201005 0.08092485549132948 1305 1038 84 47.269444444444446
0.20603015075376885 5.693467336683417 0.03618711385701677 1305 1133 41 22.819444444444443
1.2110552763819096 5.0954773869346734 0.23767258382642997 1305 1014 241 36.60833333333333
0.4020100502512563 5.437185929648241 0.07393715341959335 1305 1082 80 38.668055555555554
0.4321608040201005 5.924623115577889 0.0729431721798134 1305 1179 86 35.12361111111112
0.47738693467336685 5.944723618090452 0.08030431107354184 1305 1183 95 25.183333333333337
0.35678391959798994 6.241206030150754 0.0571658615136876 1305 1242 71 21.965277777777775
0.6231155778894473 4.748743718592965 0.13121693121693123 1320 945 124 42.19583333333333
0.5175879396984925 6.050251256281407 0.08554817275747509 1320 1204 103 21.844444444444445
0.9547738693467337 4.065326633165829 0.23485784919653896 1320 809 190 63.38194444444445
0.34673366834170855 6.417085427135678 0.054032889584964765 1320 1277 69 19.759722222222223
0.6432160804020101 4.266331658291457 0.1507656065959953 1320 849 128 59.09027777777778
1.100502512562814 3.8844221105527637 0.2833117723156533 1320 773 219 56.069444444444436
0.49246231155778897 5.969849246231155 0.0824915824915825 1320 1188 98 29.168055555555554
0.34673366834170855 5.592964824120603 0.06199460916442048 1320 1113 69 28.09444444444445
0.964824120603015 3.758793969849246 0.25668449197860965 1320 748 192 67.76388888888889
0.4824120603015075 5.8793969849246235 0.08205128205128204 1320 1170 96 26.50277777777778
0.49748743718592964 6.055276381909548 0.08215767634854772 1320 1205 99 24.21388888888889
1.1909547738693467 2.85929648241206 0.4165202108963093 1320 569 237 56.6875
0.8894472361809045 4.35678391959799 0.2041522491349481 1320 867 177 48.512499999999996
0.5326633165829145 6.733668341708543 0.0791044776119403 1320 1340 106 10.926388888888889
0.592964824120603 6.045226130653266 0.09808811305070657 1320 1203 118 23.203968253968256
0.7788944723618091 2.8442211055276383 0.27385159010600707 1320 566 155 73.375
0.7788944723618091 4.010050251256281 0.1942355889724311 1320 798 155 55.725
0.3015075376884422 6.733668341708543 0.04477611940298507 1320 1340 60 18.142658730158733
0.5577889447236181 5.49748743718593 0.10146252285191956 1320 1094 111 37.645833333333336
0.6030150753768844 4.482412060301508 0.13452914798206275 1320 892 120 54.145833333333336
0.5829145728643216 4.819095477386934 0.12095933263816476 1335 959 116 48.856944444444444
0.5628140703517588 5.251256281407035 0.10717703349282297 1335 1045 112 39.25138888888889
0.5979899497487438 5.015075376884422 0.11923847695390782 1335 998 119 43.324999999999996
0.6834170854271356 5.276381909547739 0.1295238095238095 1335 1050 136 44.18333333333334
1.07035175879397 4.301507537688442 0.2488317757009346 1335 856 213 50.72222222222222
0.49246231155778897 5.557788944723618 0.08860759493670886 1335 1106 98 34.53333333333334
0.7889447236180904 4.5376884422110555 0.17386489479512734 1335 903 157 54.70138888888889
0.5376884422110553 5.175879396984925 0.10388349514563106 1335 1030 107 49.15138888888888
0.7537688442211056 5.045226130653266 0.14940239043824702 1335 1004 150 40.26388888888889
0.8391959798994975 3.7939698492462313 0.22119205298013245 1335 755 167 68.26944444444445
0.7889447236180904 4.437185929648241 0.17780294450736125 1335 883 157 51.87777777777777
0.6834170854271356 5.180904522613066 0.13191076624636275 1335 1031 136 32.86666666666667
0.7688442211055276 4.326633165829146 0.17770034843205573 1335 861 153 55.076388888888886
0.678391959798995 4.899497487437186 0.13846153846153847 1335 975 135 44.50416666666667
0.6934673366834171 4.748743718592965 0.14603174603174604 1335 945 138 49.76111111111111
0.5879396984924623 4.984924623115578 0.11794354838709677 1335 992 117 53.51111111111111
0.49246231155778897 5.944723618090452 0.08284023668639054 1335 1183 98 28.96111111111111
0.6231155778894473 5.311557788944723 0.11731315042573322 1335 1057 124 41.236111111111114
0.5979899497487438 5.814070351758794 0.10285220397579949 1335 1157 119 26.40138888888889
0.32663316582914576 6.71356783919598 0.04865269461077845 1335 1336 65 14.418055555555556
0.6080402010050251 6.21608040201005 0.09781729991915926 1385 1237 121 29.656349206349205
0.4120603015075377 6.417085427135678 0.06421299921691465 1385 1277 82 27.134722222222223
0.271356783919598 6.5879396984924625 0.041189931350114416 1385 1311 54 27.28888888888889
0.6381909547738693 3.9447236180904524 0.16178343949044585 1385 785 127 51.38888888888889
0.49246231155778897 6.050251256281407 0.08139534883720931 1385 1204 98 38.26428571428571
0.5678391959798995 5.557788944723618 0.10216998191681737 1385 1106 113 41.182539682539684
0.4623115577889447 6.090452261306533 0.07590759075907591 1385 1212 92 38.12222222222223
0.5326633165829145 5.964824120603015 0.08930075821398484 1385 1187 106 35.77777777777778
0.5577889447236181 4.346733668341709 0.1283236994219653 1385 865 111 52.37222222222223
0.5829145728643216 5.110552763819095 0.11406096361848574 1385 1017 116 43.77777777777777
0.34673366834170855 6.894472361809045 0.05029154518950437 1385 1372 69 17.15277777777778
1.1155778894472361 4.321608040201005 0.25813953488372093 1385 860 222 59.22777777777777
0.3417085427135678 6.78391959798995 0.050370370370370364 1385 1350 68 23.387500000000003
0.7035175879396985 5.326633165829146 0.1320754716981132 1385 1060 140 44.37222222222223
0.37185929648241206 6.28643216080402 0.059152677857713824 1385 1251 74 28.873611111111106
1.0100502512562815 5.306532663316583 0.19034090909090912 1385 1056 201 37.125
0.8241206030150754 4.396984924623116 0.18742857142857142 1385 875 164 60.40833333333333
0.48743718592964824 5.010050251256281 0.09729187562688064 1385 997 97 50.93472222222223
0.8743718592964824 5.773869346733668 0.1514360313315927 1385 1149 174 33.2875
0.34673366834170855 6.326633165829146 0.05480540111199364 1385 1259 69 30.70714285714286
1.4020100502512562 4.105527638190955 0.34149326805385555 1400 817 279 55.605555555555554
0.8140703517587939 4.984924623115578 0.16330645161290322 1400 992 162 44.155555555555566
0.6180904522613065 6.4874371859296485 0.09527498063516654 1400 1291 123 26.032539682539678
0.34673366834170855 5.984924623115578 0.0579345088161209 1400 1191 69 33.28472222222222
0.35678391959798994 6.4120603015075375 0.055642633228840124 1400 1276 71 29.08888888888889
0.3015075376884422 7.236180904522613 0.041666666666666664 1400 1440 60 21.40793650793651
0.34673366834170855 6.155778894472362 0.0563265306122449 1400 1225 69 26.910317460317458
0.47738693467336685 5.49748743718593 0.08683729433272395 1400 1094 95 45.390079365079366
1.120603015075377 3.8894472361809047 0.28811369509043927 1400 774 223 46.38888888888889
0.7236180904522613 3.763819095477387 0.19225634178905207 1400 749 144 62.06666666666666
0.5778894472361809 5.376884422110553 0.10747663551401868 1400 1070 115 47.60972222222222
0.5125628140703518 5.954773869346734 0.08607594936708861 1400 1185 102 25.313888888888886
0.33668341708542715 7.030150753768845 0.04789135096497498 1400 1399 67 23.80674603174603
0.46733668341708545 6.773869346733668 0.06899109792284867 1400 1348 93 27.57063492063492
0.5376884422110553 5.683417085427136 0.09460654288240494 1400 1131 107 44.22876984126984
0.7035175879396985 4.723618090452261 0.14893617021276598 1400 940 140 41.96527777777778
0.6984924623115578 4.1959798994974875 0.1664670658682635 1400 835 139 45.03472222222222
0.3316582914572864 6.185929648241206 0.05361494719740048 1400 1231 66 30.373015873015873
0.4020100502512563 6.276381909547739 0.06405124099279423 1400 1249 80 34.96388888888889
0.5125628140703518 6.442211055276382 0.07956318252730109 1400 1282 102 25.813888888888886
0.3768844221105528 7.763819095477387 0.048543689320388356 1415 1545 75 16.42222222222222
0.6633165829145728 4.542713567839196 0.14601769911504425 1415 904 132 46.8702380952381
0.31155778894472363 7.8040201005025125 0.039922730199613655 1415 1553 62 19.70277777777778
0.7989949748743719 4.276381909547739 0.18683901292596944 1415 851 159 61.543055555555554
0.6834170854271356 4.402010050251256 0.1552511415525114 1415 876 136 43.95416666666667
1.1809045226130652 4.507537688442211 0.26198439241917504 1415 897 235 45.93194444444444
0.6984924623115578 5.592964824120603 0.12488769092542677 1415 1113 139 32.13888888888889
1.085427135678392 4.959798994974874 0.2188449848024316 1415 987 216 31.58511904761905
0.6532663316582915 5.9296482412060305 0.11016949152542373 1415 1180 130 38.50595238095239
0.6030150753768844 5.793969849246231 0.10407632263660016 1415 1153 120 30.555555555555557
0.3869346733668342 6.115577889447236 0.06327033689400165 1415 1217 77 30.03333333333333
1.7738693467336684 4.050251256281407 0.43796526054590573 1415 806 353 56.61388888888889
0.46733668341708545 5.236180904522613 0.08925143953934742 1415 1042 93 38.65138888888889
0.46733668341708545 6.844221105527638 0.06828193832599119 1415 1362 93 27.037896825396825
0.7487437185929648 4.673366834170854 0.1602150537634409 1415 930 149 50.59027777777778
0.8341708542713567 5.1959798994974875 0.16054158607350094 1415 1034 166 39.46845238095238
0.9346733668341709 4.482412060301508 0.2085201793721973 1415 892 186 55.59027777777777
0.592964824120603 5.527638190954774 0.10727272727272727 1415 1100 118 43.706944444444446
0.7889447236180904 5.206030150753769 0.15154440154440155 1415 1036 157 33.35
0.9949748743718593 4.417085427135678 0.22525597269624575 1415 879 198 45.50238095238095
0.7185929648241206 5.402010050251256 0.1330232558139535 1430 1075 143 37.84444444444444
0.3869346733668342 6.743718592964824 0.05737704918032787 1430 1342 77 29.966468253968255
0.8542713567839196 3.8743718592964824 0.22049286640726332 1430 771 170 47.894444444444446
0.4120603015075377 6.040201005025126 0.06821963394342762 1430 1202 82 32.38333333333333
0.4221105527638191 7.251256281407035 0.05821205821205821 1430 1443 84 20.023015873015876
0.507537688442211 5.010050251256281 0.10130391173520562 1430 997 101 54.26666666666667
0.9045226130653267 4.36180904522613 0.20737327188940094 1430 868 180 58.422222222222224
0.7236180904522613 4.728643216080402 0.15302869287991497 1430 941 144 47.34166666666666
0.5778894472361809 5.165829145728643 0.11186770428015563 1430 1028 115 47.08531746031746
0.4321608040201005 6.417085427135678 0.06734534064212999 1430 1277 86 30.02638888888889
0.678391959798995 4.78391959798995 0.14180672268907563 1430 952 135 58.84027777777777
0.5879396984924623 4.28140703517588 0.13732394366197181 1430 852 117 60.84543650793651
0.6130653266331658 6.135678391959799 0.09991809991809991 1430 1221 122 34.77777777777778
0.3869346733668342 6.944723618090452 0.055716353111432707 1430 1382 77 25.446626984126983
0.592964824120603 5.648241206030151 0.10498220640569395 1430 1124 118 47.75972222222222
0.34673366834170855 6.407035175879397 0.054117647058823534 1430 1275 69 39.987896825396824
0.6733668341708543 4.9798994974874375 0.1352169525731584 1430 991 134 54.640277777777776
0.7236180904522613 3.437185929648241 0.2105263157894737 1430 684 144 71.34722222222223
0.592964824120603 4.914572864321608 0.12065439672801637 1430 978 118 40.73888888888889
0.48743718592964824 5.4874371859296485 0.08882783882783882 1430 1092 97 47.395833333333336
0.6080402010050251 5.517587939698492 0.11020036429872496 1445 1098 121 36.520833333333336
0.48743718592964824 5.874371859296482 0.08297690333618478 1445 1169 97 32.99325396825397
0.33668341708542715 6.839195979899498 0.04922850844966936 1445 1361 67 29.291666666666668
0.628140703517588 5.396984924623116 0.11638733705772812 1445 1074 125 37.84444444444445
0.4472361809045226 5.296482412060302 0.08444022770398482 1445 1054 89 56.88055555555555
0.3316582914572864 6.919597989949748 0.04793028322440087 1445 1377 66 27.21448412698413
0.5175879396984925 5.63819095477387 0.09180035650623886 1445 1122 103 47.79722222222222
0.5829145728643216 6.045226130653266 0.09642560266001662 1445 1203 116 33.17162698412698
0.46733668341708545 6.78391959798995 0.06888888888888889 1445 1350 93 25.404166666666672
0.5025125628140703 7.768844221105527 0.0646830530401035 1445 1546 100 12.824603174603176
0.8090452261306532 5.221105527638191 0.15495668912415786 1445 1039 161 34.922222222222224
0.6532663316582915 5.78391959798995 0.11294526498696786 1445 1151 130 34.36666666666667
0.628140703517588 6.080402010050252 0.10330578512396695 1445 1210 125 30.905753968253965
1.0753768844221105 4.422110552763819 0.2431818181818182 1445 880 214 45.15555555555556
0.5678391959798995 5.457286432160804 0.10405156537753224 1445 1086 113 38.21527777777778
0.7788944723618091 4.733668341708543 0.16454352441613587 1445 942 155 53.731944444444444
0.5778894472361809 4.989949748743719 0.11581067472306142 1445 993 115 37.01011904761905
1.4221105527638191 4.1457286432160805 0.343030303030303 1445 825 283 38.50297619047619
0.6934673366834171 3.658291457286432 0.18956043956043958 1445 728 138 70.19444444444444
0.46733668341708545 7.010050251256281 0.06666666666666667 1445 1395 93 23.51230158730159
0.6482412060301508 5.221105527638191 0.12415784408084699 1460 1039 129 44.52619047619047
0.678391959798995 6.477386934673367 0.10473235065942592 1460 1289 135 31.045238095238094
0.7487437185929648 5.371859296482412 0.13938260056127222 1460 1069 149 49.020833333333336
0.5527638190954773 5.321608040201005 0.10387157695939565 1460 1059 110 49.79920634920635
0.35678391959798994 6.422110552763819 0.05555555555555556 1460 1278 71 28.58055555555556
0.40703517587939697 6.065326633165829 0.06710853355426678 1460 1207 81 38.77916666666667
0.542713567839196 6.14070351758794 0.088379705400982 1460 1222 108 30.16111111111111
0.5879396984924623 6.351758793969849 0.0925632911392405 1460 1264 117 24.93115079365079
0.949748743718593 4.396984924623116 0.216 1460 875 189 45.952380952380956
0.6432160804020101 4.190954773869347 0.15347721822541965 1460 834 128 64.12638888888888
0.592964824120603 4.748743718592965 0.12486772486772486 1460 945 118 36.583333333333336
0.7336683417085427 5.407035175879397 0.13568773234200743 1460 1076 146 43.40714285714285
0.5628140703517588 4.809045226130653 0.11703239289446186 1460 957 112 49.66865079365079
0.7989949748743719 4.35678391959799 0.18339100346020762 1460 867 159 51.12301587301587
0.49246231155778897 6.090452261306533 0.08085808580858087 1460 1212 98 38.015476190476186
1.256281407035176 4.14070351758794 0.3033980582524272 1460 824 250 38.51111111111111
0.8090452261306532 5.35678391959799 0.15103189493433394 1460 1066 161 46.259126984126986
0.49748743718592964 4.723618090452261 0.10531914893617023 1460 940 99 50.63194444444445
0.5979899497487438 6.040201005025126 0.09900166389351082 1460 1202 119 34.64543650793651
1.814070351758794 4.010050251256281 0.4523809523809524 1460 798 361 38.47638888888889
1.3517587939698492 4.311557788944723 0.3135198135198135 1475 858 269 49.632936507936506
0.9698492462311558 4.306532663316583 0.22520420070011668 1475 857 193 63.30972222222223
0.44221105527638194 6.1708542713567835 0.07166123778501629 1475 1228 88 36.06388888888889
0.6381909547738693 5.211055276381909 0.12246865959498554 1475 1037 127 46.200396825396815
0.5326633165829145 6.668341708542713 0.079879427279578 1475 1327 106 29.735515873015867
0.5226130653266332 4.944723618090452 0.10569105691056911 1475 984 104 50.17361111111111
1.2110552763819096 3.3618090452261304 0.3602391629297459 1475 669 241 45.93055555555555
1.0 5.135678391959799 0.19471624266144813 1475 1022 199 44.177777777777784
0.7185929648241206 4.115577889447236 0.17460317460317462 1475 819 143 60.069444444444436
0.7889447236180904 4.728643216080402 0.16684378320935173 1475 941 157 42.96547619047619
0.6432160804020101 5.482412060301508 0.11732355637030246 1475 1091 128 37.726388888888884
0.8391959798994975 4.417085427135678 0.18998862343572243 1475 879 167 71.72083333333332
0.6432160804020101 6.909547738693467 0.0930909090909091 1475 1375 128 19.637500000000003
0.542713567839196 6.909547738693467 0.07854545454545454 1475 1375 108 26.97638888888889
0.5376884422110553 6.909547738693467 0.07781818181818181 1475 1375 107 30.606349206349208
0.5125628140703518 6.964824120603015 0.0735930735930736 1475 1386 102 27.900000000000002
0.8140703517587939 5.160804020100502 0.15774099318403115 1475 1027 162 37.13194444444444
0.8190954773869347 5.331658291457287 0.1536286522148916 1475 1061 163 35.59424603174603
0.5778894472361809 4.4120603015075375 0.13097949886104784 1475 878 115 48.208333333333336
0.6231155778894473 5.1206030150753765 0.12168792934249266 1475 1019 124 47.00694444444445
0.6432160804020101 5.7537688442211055 0.11179039301310044 1490 1145 128 31.772222222222222
0.6482412060301508 5.603015075376884 0.115695067264574 1490 1115 129 46.01666666666666
0.5376884422110553 5.788944723618091 0.09288194444444445 1490 1152 107 33.486309523809524
0.7688442211055276 5.633165829145729 0.13648528099910792 1490 1121 153 35.71527777777778
0.7587939698492462 5.698492462311558 0.13315696649029982 1490 1134 151 41.43750000000001
0.9849246231155779 4.71356783919598 0.20895522388059704 1490 938 196 49.87559523809523
0.9447236180904522 5.005025125628141 0.18875502008032127 1490 996 188 44.31210317460317
0.542713567839196 6.693467336683417 0.08108108108108109 1490 1332 108 29.284722222222225
0.5326633165829145 6.100502512562814 0.0873146622734761 1490 1214 106 49.14384920634921
0.8090452261306532 4.939698492462312 0.1637843336724313 1490 983 161 52.17916666666667
0.5778894472361809 5.346733668341709 0.10808270676691728 1490 1064 115 34.59722222222222
1.1055276381909547 2.9949748743718594 0.36912751677852346 1490 596 220 65.91666666666667
0.7989949748743719 3.9949748743718594 0.2 1490 795 159 60.02777777777777
1.1055276381909547 5.0 0.22110552763819094 1490 995 220 49.02916666666667
0.5628140703517588 5.517587939698492 0.10200364298724955 1490 1098 112 47.793055555555554
0.6884422110552764 4.683417085427136 0.14699570815450644 1490 932 137 54.66388888888889
0.6482412060301508 7.0201005025125625 0.09234073013600573 1490 1397 129 31.679761904761904
0.7185929648241206 5.005025125628141 0.14357429718875503 1490 996 143 60.080555555555556
0.8492462311557789 5.603015075376884 0.15156950672645741 1490 1115 169 32.85555555555556
0.8492462311557789 4.522613065326633 0.1877777777777778 1490 900 169 53.743055555555564
0.5527638190954773 5.4120603015075375 0.10213556174558959 1505 1077 110 50.24583333333334
0.9597989949748744 5.653266331658291 0.16977777777777778 1505 1125 191 42.36805555555555
0.7939698492462312 5.668341708542713 0.1400709219858156 1505 1128 158 37.43194444444444
0.864321608040201 3.658291457286432 0.23626373626373626 1505 728 172 69.41666666666667
0.6934673366834171 5.633165829145729 0.1231043710972346 1505 1121 138 41.09444444444444
0.9045226130653267 5.663316582914573 0.15971606033717836 1505 1127 180 39.96805555555556
0.9195979899497487 5.090452261306533 0.18065153010858834 1505 1013 183 42.03174603174603
0.5778894472361809 5.311557788944723 0.10879848628192998 1505 1057 115 39.54087301587302
0.7135678391959799 5.633165829145729 0.12667261373773417 1505 1121 142 41.78194444444444
0.9346733668341709 4.698492462311558 0.19893048128342247 1505 935 186 50.80277777777778
0.5527638190954773 5.261306532663316 0.10506208213944603 1505 1047 110 48.0625
0.6432160804020101 4.788944723618091 0.13431269674711438 1505 953 128 54.593650793650795
0.6030150753768844 4.386934673366834 0.1374570446735395 1505 873 120 61.0922619047619
1.1155778894472361 4.346733668341709 0.2566473988439306 1505 865 222 50.25138888888889
0.8442211055276382 5.236180904522613 0.16122840690978885 1505 1042 168 45.47083333333333
0.5376884422110553 6.492462311557789 0.08281733746130031 1505 1292 107 25.853174603174605
1.015075376884422 4.542713567839196 0.2234513274336283 1505 904 202 50.15
1.0904522613065326 3.2311557788944723 0.3374805598755832 1505 643 217 59.03472222222223
0.6733668341708543 3.5829145728643215 0.18793828892005612 1505 713 134 62.770833333333336
0.7939698492462312 5.668341708542713 0.1400709219858156 1505 1128 158 44.75694444444445
1.07035175879397 4.768844221105527 0.22444678609062174 1520 949 213 48.72638888888889
0.914572864321608 6.336683417085427 0.14432989690721648 1520 1261 182 26.372222222222224
0.4824120603015075 7.663316582914573 0.06295081967213115 1520 1525 96 17.290079365079368
0.9095477386934674 5.633165829145729 0.16146297948260482 1520 1121 181 44.15138888888888
0.9195979899497487 4.547738693467337 0.2022099447513812 1520 905 183 53.04999999999999
1.135678391959799 4.4120603015075375 0.25740318906605925 1520 878 226 49.72777777777778
0.7236180904522613 5.924623115577889 0.12213740458015268 1520 1179 144 41.547222222222224
1.2864321608040201 4.834170854271357 0.2661122661122661 1520 962 256 50.515277777777776
0.6884422110552764 3.849246231155779 0.17885117493472585 1520 766 137 72.80555555555556
0.7537688442211056 4.733668341708543 0.1592356687898089 1520 942 150 52.99861111111111
0.9949748743718593 5.5879396984924625 0.1780575539568345 1520 1112 198 43.75833333333333
0.8391959798994975 4.628140703517588 0.1813246471226927 1520 921 167 50.19067460317461
0.7788944723618091 6.4623115577889445 0.12052877138413687 1520 1286 155 39.8672619047619
1.135678391959799 4.366834170854271 0.2600690448791715 1520 869 226 47.21180555555555
1.035175879396985 5.105527638190955 0.20275590551181102 1520 1016 206 47.957936507936516
0.8693467336683417 4.180904522613066 0.2079326923076923 1520 832 173 55.59583333333333
1.135678391959799 4.64321608040201 0.24458874458874458 1520 924 226 42.0561507936508
1.135678391959799 5.577889447236181 0.2036036036036036 1520 1110 226 26.883134920634916
0.7587939698492462 4.974874371859296 0.15252525252525254 1520 990 151 51.30277777777778
0.9547738693467337 5.1708542713567835 0.18464528668610303 1520 1029 190 40.36944444444445
0.5979899497487438 6.874371859296482 0.08698830409356727 1570 1368 119 36.293055555555554
0.678391959798995 7.115577889447236 0.09533898305084747 1570 1416 135 30.717857142857145
0.8894472361809045 4.366834170854271 0.20368239355581128 1570 869 177 50.65277777777777
0.4472361809045226 6.065326633165829 0.07373653686826843 1570 1207 89 46.30436507936508
0.8241206030150754 5.437185929648241 0.15157116451016636 1570 1082 164 45.61428571428571
0.8442211055276382 5.437185929648241 0.15526802218114602 1570 1082 168 44.73611111111111
0.6080402010050251 5.788944723618091 0.10503472222222221 1570 1152 121 40.64186507936508
0.7738693467336684 5.206030150753769 0.14864864864864866 1570 1036 154 57.25972222222222
1.1959798994974875 3.798994974874372 0.3148148148148148 1570 756 238 47.00555555555555
0.7135678391959799 6.688442211055277 0.10668670172802404 1570 1331 142 27.35099206349207
0.8291457286432161 5.733668341708543 0.1446099912357581 1570 1141 165 40.822023809523806
1.1306532663316582 5.57286432160804 0.20288548241659152 1570 1109 225 40.398809523809526
1.4522613065326633 3.758793969849246 0.38636363636363635 1570 748 289 57.21388888888888
0.7537688442211056 5.738693467336684 0.13134851138353765 1570 1142 150 45.418055555555554
0.6180904522613065 6.241206030150754 0.09903381642512077 1570 1242 123 44.11805555555555
1.0452261306532664 4.0201005025125625 0.26000000000000006 1570 800 208 67.25833333333334
1.085427135678392 5.28140703517588 0.2055185537583254 1570 1051 216 41.026785714285715
1.0954773869346734 5.844221105527638 0.1874462596732588 1570 1163 218 40.69027777777777
0.5628140703517588 7.608040201005025 0.07397622192866579 1570 1514 112 26.136309523809526
0.6331658291457286 6.306532663316583 0.100398406374502 1570 1255 126 36.586507936507935
1.35678391959799 5.49748743718593 0.246800731261426 1585 1094 270 52.86468253968255
0.8140703517587939 6.075376884422111 0.13399503722084366 1585 1209 162 41.209920634920636
0.6633165829145728 4.633165829145729 0.14316702819956614 1585 922 132 54.36805555555555
0.5728643216080402 6.276381909547739 0.09127301841473179 1585 1249 114 39.47083333333333
0.8994974874371859 5.618090452261306 0.1601073345259392 1585 1118 179 45.262499999999996
0.5979899497487438 6.381909547738694 0.09370078740157481 1585 1270 119 40.975793650793655
0.7085427135678392 6.271356783919598 0.11298076923076923 1585 1248 141 35.358630952380956
0.8994974874371859 3.819095477386935 0.23552631578947367 1585 760 179 60.80555555555555
0.6884422110552764 6.296482412060302 0.10933758978451716 1585 1253 137 40.28968253968254
0.6733668341708543 5.1959798994974875 0.12959381044487428 1585 1034 134 54.30972222222223
0.6532663316582915 4.85929648241206 0.1344364012409514 1585 967 130 53.82440476190476
0.6331658291457286 6.723618090452261 0.09417040358744394 1585 1338 126 33.24950396825397
0.7537688442211056 4.864321608040201 0.15495867768595042 1585 968 150 45.32341269841269
0.6381909547738693 5.778894472361809 0.11043478260869564 1585 1150 127 51.45138888888889
0.6834170854271356 5.683417085427136 0.12024756852343058 1585 1131 136 42.32242063492064
0.457286432160804 6.236180904522613 0.0733279613215149 1585 1241 91 46.90436507936508
1.1256281407035176 3.7386934673366836 0.30107526881720426 1585 744 224 57.861111111111114
0.7537688442211056 5.4874371859296485 0.13736263736263737 1585 1092 150 55.00972222222222
0.7437185929648241 5.35678391959799 0.13883677298311445 1585 1066 148 56.07341269841269
0.6331658291457286 6.115577889447236 0.10353327855382087 1585 1217 126 35.604166666666664
0.5477386934673367 5.256281407035176 0.10420650095602295 1600 1046 109 34.84325396825397
0.7788944723618091 6.110552763819095 0.1274671052631579 1600 1216 155 44.919444444444444
1.07035175879397 4.899497487437186 0.21846153846153848 1600 975 213 50.49305555555555
0.864321608040201 5.422110552763819 0.15940685820203893 1600 1079 172 42.90972222222222
1.0402010050251256 4.251256281407035 0.24468085106382978 1600 846 207 46.60138888888889
0.6231155778894473 5.884422110552764 0.10589239965841162 1600 1171 124 45.38333333333333
0.9547738693467337 6.949748743718593 0.1373825018076645 1600 1383 190 28.694642857142856
0.8492462311557789 4.28643216080402 0.1981242672919109 1600 853 169 72.62500000000001
0.5125628140703518 7.366834170854271 0.06957708049113233 1600 1466 102 34.115873015873014
0.6733668341708543 4.5879396984924625 0.14676889375684557 1600 913 134 69.55555555555556
0.6080402010050251 5.552763819095477 0.10950226244343891 1600 1105 121 54.395238095238106
0.6633165829145728 5.105527638190955 0.12992125984251968 1600 1016 132 53.770634920634926
0.507537688442211 7.50251256281407 0.06764902880107167 1600 1493 101 31.74404761904762
0.4623115577889447 5.306532663316583 0.08712121212121213 1600 1056 92 37.59325396825397
0.542713567839196 5.437185929648241 0.09981515711645102 1600 1082 108 60.10813492063492
0.7537688442211056 6.045226130653266 0.12468827930174564 1600 1203 150 38.48333333333333
0.8241206030150754 5.628140703517588 0.1464285714285714 1600 1120 164 53.907142857142865
0.6582914572864321 6.36180904522613 0.10347551342812006 1600 1266 131 38.14841269841269
0.41708542713567837 6.909547738693467 0.06036363636363636 1600 1375 83 36.48888888888889
0.8190954773869347 5.326633165829146 0.15377358490566037 1600 1060 163 44.27301587301587
0.9949748743718593 4.748743718592965 0.20952380952380953 1615 945 198 43.63472222222222
0.7185929648241206 7.381909547738694 0.09734513274336283 1615 1469 143 27.177579365079364
0.6884422110552764 5.457286432160804 0.1261510128913444 1615 1086 137 45.53531746031746
0.507537688442211 7.206030150753769 0.07043235704323571 1615 1434 101 34.32420634920635
1.3718592964824121 4.989949748743719 0.27492447129909364 1615 993 273 37.025
0.7638190954773869 4.708542713567839 0.1622198505869797 1615 937 152 60.07043650793651
0.4472361809045226 8.07035175879397 0.05541718555417185 1615 1606 89 25.49642857142857
0.8994974874371859 4.366834170854271 0.20598388952819335 1615 869 179 61.305952380952384
0.5829145728643216 5.934673366834171 0.09822184589331075 1615 1181 116 40.21279761904762
0.7085427135678392 5.075376884422111 0.1396039603960396 1615 1010 141 61.97083333333333
0.9396984924623115 5.527638190954774 0.16999999999999998 1615 1100 187 39.27003968253968
0.8140703517587939 4.85929648241206 0.16752843846949328 1615 967 162 50.42162698412699
0.5829145728643216 6.63819095477387 0.0878122634367903 1615 1321 116 37.09345238095238
0.7889447236180904 5.226130653266332 0.15096153846153845 1615 1040 157 58.13888888888889
0.6532663316582915 7.301507537688442 0.08947006194081213 1615 1453 130 28.040674603174605
0.7587939698492462 6.396984924623116 0.11861743912018852 1615 1273 151 32.24861111111111
1.4924623115577889 4.532663316582915 0.3292682926829268 1615 902 297 47.18253968253968
1.2110552763819096 3.7537688442211055 0.32262382864792505 1615 747 241 73.51527777777778
0.6180904522613065 8.100502512562814 0.07630272952853598 1615 1612 123 16.072619047619046
0.4371859296482412 6.758793969849246 0.06468401486988848 1615 1345 87 39.60069444444444
0.9195979899497487 4.698492462311558 0.19572192513368983 1630 935 183 58.03968253968254
0.5226130653266332 5.758793969849246 0.09075043630017453 1630 1146 104 49.27222222222222
0.4472361809045226 7.0 0.06389088298636038 1630 1393 89 28.83928571428571
0.5829145728643216 6.130653266331659 0.09508196721311474 1630 1220 116 48.106746031746034
0.5678391959798995 5.236180904522613 0.10844529750479846 1630 1042 113 57.09801587301587
0.9698492462311558 4.884422110552764 0.198559670781893 1630 972 193 49.859722222222224
0.8241206030150754 3.708542713567839 0.22222222222222224 1630 738 164 51.37797619047618
0.8190954773869347 4.758793969849246 0.17212249208025343 1630 947 163 47.56111111111111
0.6834170854271356 5.321608040201005 0.12842304060434373 1630 1059 136 51.4625
0.6984924623115578 6.28140703517588 0.1112 1630 1250 139 41.345039682539685
0.8190954773869347 4.889447236180905 0.16752312435765673 1630 973 163 51.00694444444445
0.8291457286432161 6.150753768844221 0.13480392156862744 1630 1224 165 43.84662698412699
0.9798994974874372 5.005025125628141 0.1957831325301205 1630 996 195 58.15
0.7386934673366834 4.8542713567839195 0.15217391304347827 1630 966 147 60.41468253968253
0.9597989949748744 4.547738693467337 0.2110497237569061 1630 905 191 57.069047619047616
0.7135678391959799 5.422110552763819 0.13160333642261354 1630 1079 142 51.339484126984125
0.7386934673366834 4.582914572864322 0.16118421052631576 1630 912 147 61.11250000000001
0.8241206030150754 5.241206030150754 0.15723873441994246 1630 1043 164 60.15833333333333
0.7135678391959799 6.613065326633166 0.10790273556231003 1630 1316 142 42.813293650793646
0.7989949748743719 6.296482412060302 0.12689545091779728 1630 1253 159 40.933928571428574
0.7537688442211056 4.547738693467337 0.16574585635359118 1645 905 150 59.155952380952385
0.628140703517588 5.557788944723618 0.11301989150090418 1645 1106 125 55.428373015873014
0.8090452261306532 4.748743718592965 0.17037037037037037 1645 945 161 56.74226190476191
0.6984924623115578 6.351758793969849 0.10996835443037975 1645 1264 139 45.72757936507936
0.6331658291457286 5.889447236180905 0.10750853242320818 1645 1172 126 39.94166666666666
0.628140703517588 6.206030150753769 0.10121457489878544 1645 1235 125 48.359920634920634
0.6834170854271356 7.532663316582915 0.09072715143428951 1645 1499 136 33.282539682539685
0.7939698492462312 5.115577889447236 0.1552062868369352 1645 1018 158 51.23749999999999
0.7989949748743719 7.633165829145729 0.10467412771560237 1645 1519 159 26.10119047619047
0.5527638190954773 6.819095477386934 0.08106116433308769 1645 1357 110 39.87678571428571
0.44221105527638194 5.296482412060302 0.08349146110056926 1645 1054 88 46.958333333333336
0.5025125628140703 5.738693467336684 0.08756567425569176 1645 1142 100 51.27083333333332
1.4522613065326633 4.633165829145729 0.31344902386117135 1645 922 289 56.140277777777776
0.7638190954773869 5.482412060301508 0.13932172318973418 1645 1091 152 50.04107142857143
0.8442211055276382 6.221105527638191 0.13570274636510501 1645 1238 168 39.18472222222222
0.9949748743718593 5.371859296482412 0.1852198316183349 1645 1069 198 48.118452380952384
0.7537688442211056 5.417085427135678 0.1391465677179963 1645 1078 150 47.02261904761904
0.7587939698492462 6.125628140703518 0.12387202625102542 1645 1219 151 47.71547619047619
0.8391959798994975 4.738693467336684 0.17709437963944855 1645 943 167 70.67916666666666
0.678391959798995 6.110552763819095 0.11101973684210527 1645 1216 135 46.22777777777777
0.5678391959798995 5.582914572864322 0.10171017101710171 1660 1111 113 55.11111111111111
1.035175879396985 4.28140703517588 0.24178403755868544 1660 852 206 55.501388888888876
0.6683417085427136 6.964824120603015 0.09595959595959597 1660 1386 133 35.98055555555555
0.9396984924623115 4.482412060301508 0.20964125560538113 1660 892 187 56.82083333333333
0.5728643216080402 6.934673366834171 0.08260869565217392 1660 1380 114 40.57162698412698
0.8944723618090452 4.1959798994974875 0.21317365269461078 1660 835 178 55.32242063492063
1.1608040201005025 3.7939698492462313 0.30596026490066225 1660 755 231 52.2875
0.6482412060301508 7.100502512562814 0.09129511677282379 1660 1413 129 34.52222222222222
0.6532663316582915 5.733668341708543 0.11393514460999124 1660 1141 130 53.907738095238095
0.5778894472361809 7.185929648241206 0.08041958041958042 1660 1430 115 36.7218253968254
0.5778894472361809 5.522613065326633 0.10464058234758872 1660 1099 115 46.99107142857142
0.7989949748743719 5.36180904522613 0.14901593252108716 1660 1067 159 49.50019841269842
0.949748743718593 5.592964824120603 0.16981132075471697 1660 1113 189 49.205952380952375
0.7688442211055276 4.346733668341709 0.176878612716763 1660 865 153 66.87083333333334
0.9899497487437185 4.844221105527638 0.20435684647302904 1660 964 197 53.40277777777777
0.9748743718592965 6.457286432160804 0.1509727626459144 1660 1285 194 40.651388888888896
0.7939698492462312 5.778894472361809 0.13739130434782607 1660 1150 158 44.07361111111111
1.2864321608040201 3.9447236180904524 0.32611464968152865 1660 785 256 48.46527777777778
0.6633165829145728 6.296482412060302 0.10534716679968076 1660 1253 132 46.83611111111111
0.8944723618090452 5.321608040201005 0.16808309726156753 1660 1059 178 56.452777777777776
0.7738693467336684 3.5025125628140703 0.22094691535150646 1675 697 154 63.49305555555555
1.0 5.552763819095477 0.18009049773755656 1675 1105 199 49.15357142857143
0.9246231155778895 3.864321608040201 0.23927178153446033 1675 769 184 61.30138888888889
0.678391959798995 5.532663316582915 0.1226158038147139 1675 1101 135 47.030952380952385
1.1758793969849246 3.7889447236180906 0.31034482758620685 1675 754 234 56.958333333333336
0.7286432160804021 5.0954773869346734 0.14299802761341224 1675 1014 145 52.36924603174603
0.5778894472361809 6.366834170854271 0.09076558800315707 1675 1267 115 40.426587301587304
0.7688442211055276 5.758793969849246 0.13350785340314136 1675 1146 153 47.969642857142865
0.914572864321608 3.8241206030150754 0.23915900131406043 1675 761 182 61.90277777777778
0.7939698492462312 6.015075376884422 0.13199665831244778 1675 1197 158 44.12361111111111
0.9396984924623115 5.0 0.1879396984924623 1675 995 187 48.794444444444444
0.8894472361809045 5.060301507537688 0.17576961271102284 1675 1007 177 53.889880952380956
0.628140703517588 6.050251256281407 0.10382059800664453 1675 1204 125 35.742261904761904
0.7035175879396985 5.477386934673367 0.12844036697247707 1675 1090 140 47.098214285714285
1.914572864321608 4.125628140703518 0.46406820950060895 1675 821 381 67.2422619047619
0.8693467336683417 3.8442211055276383 0.2261437908496732 1675 765 173 74.59722222222221
1.271356783919598 4.864321608040201 0.2613636363636364 1675 968 253 52.67777777777778
0.7788944723618091 6.110552763819095 0.1274671052631579 1675 1216 155 41.90128968253969
0.6432160804020101 7.36180904522613 0.08737201365187713 1675 1465 128 26.740873015873017
0.7688442211055276 5.100502512562814 0.15073891625615762 1675 1015 153 44.458333333333336
0.8542713567839196 4.492462311557789 0.19015659955257272 1690 894 170 61.24166666666667
1.0251256281407035 5.090452261306533 0.20138203356367226 1690 1013 204 38.09484126984127
0.9095477386934674 4.105527638190955 0.2215422276621787 1690 817 181 56.031746031746025
0.8492462311557789 5.035175879396985 0.1686626746506986 1690 1002 169 45.161111111111104
0.6080402010050251 6.668341708542713 0.09118311981914091 1690 1327 121 43.39087301587301
0.8844221105527639 6.150753768844221 0.14379084967320263 1690 1224 176 39.61984126984127
0.8341708542713567 4.135678391959799 0.2017010935601458 1690 823 166 53.21011904761905
1.1809045226130652 4.869346733668341 0.24251805985552116 1690 969 235 48.365277777777784
1.2010050251256281 5.492462311557789 0.21866422689844464 1690 1093 239 44.79543650793651
0.7939698492462312 6.698492462311558 0.11852963240810202 1690 1333 158 42.64523809523809
0.8140703517587939 4.648241206030151 0.17513513513513512 1690 925 162 56.9625
1.3266331658291457 5.0 0.26532663316582916 1690 995 264 46.4484126984127
0.6532663316582915 4.7537688442211055 0.13742071881606766 1690 946 130 60.956944444444446
0.9095477386934674 5.597989949748744 0.16247755834829444 1690 1114 181 47.50416666666667
1.1909547738693467 4.693467336683417 0.25374732334047106 1690 934 237 43.701388888888886
0.7738693467336684 7.85929648241206 0.09846547314578005 1690 1564 154 23.422619047619047
1.0904522613065326 4.507537688442211 0.241917502787068 1690 897 217 54.98333333333333
0.864321608040201 3.4321608040201004 0.2518301610541728 1690 683 172 67.70694444444445
1.3969849246231156 3.562814070351759 0.3921015514809591 1690 709 278 71.91666666666666
1.2010050251256281 3.8894472361809047 0.30878552971576223 1690 774 239 51.05694444444445
1.6532663316582914 2.879396984924623 0.5741710296684118 1705 573 329 63.680555555555564
0.9447236180904522 2.9547738693467336 0.3197278911564626 1705 588 188 70.04166666666667
1.4321608040201006 4.5879396984924625 0.31215772179627604 1705 913 285 48.94603174603174
0.964824120603015 4.557788944723618 0.21168687982359427 1705 907 192 51.49652777777777
0.8592964824120602 4.778894472361809 0.17981072555205044 1705 951 171 46.793055555555554
1.120603015075377 4.321608040201005 0.2593023255813954 1705 860 223 61.651388888888896
0.964824120603015 5.748743718592965 0.1678321678321678 1705 1144 192 55.44642857142856
1.6130653266331658 2.5879396984924625 0.6233009708737863 1705 515 321 83.44722222222221
1.1608040201005025 4.432160804020101 0.2619047619047619 1705 882 231 46.35376984126984
0.7738693467336684 5.673366834170854 0.1364038972542073 1705 1129 154 47.14384920634921
0.949748743718593 5.060301507537688 0.18768619662363456 1705 1007 189 56.34603174603175
0.8944723618090452 6.547738693467337 0.13660782808902533 1705 1303 178 38.19742063492063
1.1105527638190955 4.326633165829146 0.25667828106852497 1705 861 221 61.32638888888889
0.8542713567839196 3.221105527638191 0.26521060842433697 1705 641 170 70.84722222222223
0.8190954773869347 5.944723618090452 0.13778529163144548 1705 1183 163 46.228968253968254
1.0402010050251256 5.402010050251256 0.1925581395348837 1705 1075 207 47.23551587301588
1.0753768844221105 5.261306532663316 0.20439350525310412 1705 1047 214 43.93611111111111
0.6834170854271356 4.778894472361809 0.1430073606729758 1705 951 136 44.40892857142857
1.1557788944723617 3.829145728643216 0.30183727034120733 1705 762 230 66.39027777777778
1.0904522613065326 4.658291457286432 0.23408845738942827 1705 927 217 48.77777777777778
1.2311557788944723 5.698492462311558 0.21604938271604937 1755 1134 245 41.601190476190474
0.7035175879396985 6.085427135678392 0.11560693641618497 1755 1211 140 47.47738095238095
1.170854271356784 4.663316582914573 0.2510775862068966 1755 928 233 64.96666666666667
1.0 5.301507537688442 0.18862559241706162 1755 1055 199 45.25416666666666
0.9849246231155779 4.557788944723618 0.2160970231532525 1755 907 196 58.65138888888888
1.778894472361809 4.422110552763819 0.4022727272727273 1755 880 354 54.95416666666667
0.6532663316582915 5.603015075376884 0.1165919282511211 1755 1115 130 50.859523809523814
0.4472361809045226 5.964824120603015 0.07497893850042123 1755 1187 89 59.59404761904762
1.015075376884422 5.517587939698492 0.18397085610200364 1755 1098 202 37.79563492063492
0.5678391959798995 8.547738693467336 0.06643151087595534 1755 1701 113 32.311507936507944
2.879396984924623 3.0854271356783918 0.9332247557003258 1755 614 573 78.69444444444444
0.8241206030150754 3.814070351758794 0.21607378129117258 1755 759 164 67.04583333333333
0.964824120603015 6.371859296482412 0.15141955835962145 1755 1268 192 44.76884920634921
0.9597989949748744 6.025125628140704 0.15929941618015012 1755 1199 191 49.99087301587301
0.8241206030150754 5.577889447236181 0.14774774774774774 1755 1110 164 60.7736111111111
0.4824120603015075 6.105527638190955 0.07901234567901234 1755 1215 96 62.044444444444444
0.5226130653266332 5.341708542713568 0.09783631232361242 1755 1063 104 53.80833333333333
1.6532663316582914 6.221105527638191 0.265751211631664 1755 1238 329 35.53373015873016
0.4723618090452261 7.909547738693467 0.05972045743329098 1755 1574 94 34.39246031746031
0.7889447236180904 7.090452261306533 0.11126860382707299 1755 1411 157 46.30753968253968
0.5678391959798995 7.477386934673367 0.07594086021505377 1770 1488 113 45.04563492063492
1.4271356783919598 3.9949748743718594 0.3572327044025157 1770 795 284 60.843055555555544
0.4824120603015075 6.477386934673367 0.07447633824670287 1770 1289 96 44.00238095238095
1.1155778894472361 4.080402010050252 0.27339901477832507 1770 812 222 50.42083333333333
0.6582914572864321 5.060301507537688 0.1300893743793446 1770 1007 131 55.67440476190476
0.8693467336683417 8.231155778894472 0.10561660561660562 1770 1638 173 23.103373015873018
1.4824120603015076 5.28643216080402 0.2804182509505703 1770 1052 295 33.25059523809524
1.085427135678392 6.386934673366834 0.16994492525570418 1770 1271 216 34.00972222222222
1.7386934673366834 4.36180904522613 0.3986175115207373 1770 868 346 49.3844246031746
0.7788944723618091 5.547738693467337 0.1403985507246377 1770 1104 155 49.16031746031746
0.6934673366834171 5.266331658291457 0.1316793893129771 1770 1048 138 51.62202380952382
0.6532663316582915 5.482412060301508 0.11915673693858846 1770 1091 130 52.359722222222224
0.5276381909547738 6.060301507537688 0.08706467661691542 1770 1206 105 48.93690476190476
0.6331658291457286 7.165829145728643 0.08835904628330996 1770 1426 126 32.92172619047619
2.371859296482412 2.9447236180904524 0.8054607508532423 1770 586 472 67.63194444444444
0.628140703517588 6.522613065326633 0.09630200308166412 1770 1298 125 47.91527777777779
0.7236180904522613 5.045226130653266 0.14342629482071714 1770 1004 144 52.050000000000004
0.7939698492462312 6.236180904522613 0.1273166800966962 1770 1241 158 44.41170634920635
0.9899497487437185 5.341708542713568 0.18532455315145813 1770 1063 197 51.93551587301587
0.39195979899497485 6.788944723618091 0.057735011102886744 1770 1351 78 40.96527777777778
0.8391959798994975 5.628140703517588 0.14910714285714285 1785 1120 167 50.77777777777778
0.8241206030150754 4.190954773869347 0.19664268585131894 1785 834 164 61.31666666666666
1.3467336683417086 3.9648241206030153 0.3396704689480355 1785 789 268 44.17212301587301
0.7839195979899497 7.582914572864322 0.1033797216699801 1785 1509 156 35.74751984126984
0.8090452261306532 4.452261306532663 0.18171557562076748 1785 886 161 66.09583333333335
0.6884422110552764 5.7537688442211055 0.11965065502183406 1785 1145 137 49.80793650793651
0.5628140703517588 5.180904522613066 0.10863239573229873 1785 1031 112 67.76031746031747
1.1055276381909547 6.658291457286432 0.1660377358490566 1785 1325 220 39.102380952380955
1.4170854271356783 4.366834170854271 0.32451093210586884 1785 869 282 51.65833333333333
1.0251256281407035 5.0703517587939695 0.20218037661050547 1785 1009 204 49.72083333333333
0.5879396984924623 7.703517587939698 0.07632093933463796 1785 1533 117 39.419444444444444
0.5577889447236181 8.07035175879397 0.06911581569115816 1785 1606 111 31.706547619047623
0.5829145728643216 6.4874371859296485 0.08985282726568551 1785 1291 116 55.470436507936505
0.6331658291457286 7.0703517587939695 0.08955223880597014 1785 1407 126 41.2858134920635
1.592964824120603 5.467336683417085 0.2913602941176471 1785 1088 317 38.94345238095238
1.035175879396985 4.567839195979899 0.22662266226622665 1785 909 206 52.680753968253974
0.7185929648241206 5.080402010050252 0.14144411473788326 1785 1011 143 45.904761904761905
0.6984924623115578 8.025125628140703 0.08703819661866 1785 1597 139 31.091765873015873
0.5628140703517588 8.206030150753769 0.06858542559706063 1785 1633 112 31.240277777777777
0.6633165829145728 6.266331658291457 0.10585404971932638 1785 1247 132 45.363095238095234
0.5628140703517588 6.733668341708543 0.0835820895522388 1800 1340 112 44.987896825396824
0.9296482412060302 5.256281407035176 0.17686424474187382 1800 1046 185 57.10833333333333
0.7738693467336684 5.763819095477387 0.13426329555361816 1800 1147 154 44.37638888888889
0.8793969849246231 5.1457286432160805 0.1708984375 1800 1024 175 59.689484126984134
0.6633165829145728 5.914572864321608 0.11214953271028037 1800 1177 132 45.35873015873016
1.7487437185929648 3.512562814070352 0.49785407725321884 1800 699 348 48.80972222222223
0.6381909547738693 7.231155778894473 0.08825573314801945 1800 1439 127 45.956746031746036
0.8542713567839196 5.150753768844221 0.16585365853658537 1800 1025 170 59.131944444444436
0.6030150753768844 5.472361809045226 0.11019283746556474 1800 1089 120 60.85694444444445
0.7688442211055276 5.78391959798995 0.13292788879235445 1800 1151 153 53.93928571428572
0.6633165829145728 5.376884422110553 0.1233644859813084 1800 1070 132 58.85376984126984
0.9949748743718593 5.567839195979899 0.17870036101083034 1800 1108 198 53.542857142857144
0.6683417085427136 6.301507537688442 0.10606060606060606 1800 1254 133 52.25416666666667
0.8391959798994975 7.075376884422111 0.11860795454545453 1800 1408 167 34.82123015873016
0.592964824120603 5.944723618090452 0.09974640743871513 1800 1183 118 49.78025793650793
0.8291457286432161 4.603015075376884 0.18013100436681223 1800 916 165 61.93194444444445
0.5025125628140703 6.517587939698492 0.07710100231303006 1800 1297 100 42.702777777777776
1.135678391959799 4.71859296482412 0.24068157614483496 1800 939 226 66.50396825396827
1.0100502512562815 5.939698492462312 0.1700507614213198 1800 1182 201 38.30277777777778
0.7437185929648241 6.743718592964824 0.11028315946348734 1800 1342 148 44.15952380952381
0.7085427135678392 4.688442211055277 0.15112540192926044 1815 933 141 63.32361111111111
0.9547738693467337 5.422110552763819 0.17608897126969417 1815 1079 190 59.449999999999996
0.7989949748743719 5.0954773869346734 0.15680473372781065 1815 1014 159 54.987500000000004
0.5778894472361809 7.135678391959799 0.08098591549295774 1815 1420 115 43.49166666666667
0.7839195979899497 6.743718592964824 0.11624441132637853 1815 1342 156 43.25317460317461
0.8140703517587939 5.472361809045226 0.1487603305785124 1815 1089 162 51.79821428571429
0.6180904522613065 5.457286432160804 0.1132596685082873 1815 1086 123 63.469841269841275
0.8844221105527639 6.934673366834171 0.12753623188405797 1815 1380 176 41.13492063492064
1.0804020100502512 5.819095477386934 0.1856649395509499 1815 1158 215 45.74543650793651
1.2914572864321607 4.381909547738694 0.2947247706422018 1815 872 257 62.27222222222222
0.8743718592964824 4.36180904522613 0.20046082949308758 1815 868 174 51.47222222222222
1.256281407035176 6.276381909547739 0.200160128102482 1815 1249 250 52.724206349206355
1.2010050251256281 4.35678391959799 0.27566320645905423 1815 867 239 65.26924603174604
0.7688442211055276 5.85929648241206 0.1312178387650086 1815 1166 153 51.404960317460315
0.8140703517587939 4.482412060301508 0.18161434977578472 1815 892 162 67.40555555555555
0.7336683417085427 4.437185929648241 0.1653454133635334 1815 883 146 72.73333333333333
0.7437185929648241 4.71356783919598 0.15778251599147122 1815 938 148 57.263492063492066
1.3417085427135678 4.628140703517588 0.2899022801302931 1815 921 267 47.02926587301587
0.7939698492462312 5.693467336683417 0.13945278022947927 1815 1133 158 55.0765873015873
1.1959798994974875 4.065326633165829 0.29419035846724356 1815 809 238 59.62777777777777
0.864321608040201 3.437185929648241 0.25146198830409355 1830 684 172 80.27777777777777
0.7537688442211056 5.899497487437186 0.12776831345826237 1830 1174 150 52.156150793650795
0.6582914572864321 7.2462311557788945 0.09084604715672676 1830 1442 131 46.922222222222224
0.7336683417085427 6.9296482412060305 0.10587382160986221 1830 1379 146 41.05119047619048
1.050251256281407 5.301507537688442 0.1981042654028436 1830 1055 209 48.38194444444445
0.5326633165829145 6.301507537688442 0.08452950558213716 1830 1254 106 56.918749999999996
0.8140703517587939 5.040201005025126 0.16151545363908273 1830 1003 162 73.1486111111111
0.628140703517588 6.547738693467337 0.09593246354566386 1830 1303 125 47.548611111111114
1.2311557788944723 5.5376884422110555 0.22232304900181485 1830 1102 245 57.490476190476194
0.7989949748743719 5.50251256281407 0.1452054794520548 1830 1095 159 55.98253968253968
1.2311557788944723 4.874371859296482 0.25257731958762886 1830 970 245 54.37361111111111
0.592964824120603 7.49748743718593 0.07908847184986595 1830 1492 118 36.12867063492063
0.5678391959798995 5.844221105527638 0.09716251074806535 1830 1163 113 50.973214285714285
0.7286432160804021 6.432160804020101 0.11328125 1830 1280 145 42.89533730158731
0.7437185929648241 5.743718592964824 0.1294838145231846 1830 1143 148 47.51587301587301
1.1758793969849246 4.869346733668341 0.24148606811145512 1830 969 234 57.081944444444446
0.8391959798994975 6.221105527638191 0.13489499192245558 1830 1238 167 41.84603174603175
0.9195979899497487 4.914572864321608 0.18711656441717792 1830 978 183 66.04444444444444
0.7688442211055276 4.135678391959799 0.1859052247873633 1830 823 153 75.5125
0.9045226130653267 4.78391959798995 0.18907563025210083 1830 952 180 49.94246031746031
1.2914572864321607 5.236180904522613 0.24664107485604603 1845 1042 257 53.981944444444444
1.0603015075376885 5.256281407035176 0.20172084130019122 1845 1046 211 49.507638888888884
1.2160804020100502 3.7386934673366836 0.32526881720430106 1845 744 242 49.929761904761904
0.7085427135678392 5.206030150753769 0.1361003861003861 1845 1036 141 67.73611111111113
1.1658291457286432 5.266331658291457 0.22137404580152673 1845 1048 232 34.3015873015873
0.8492462311557789 7.135678391959799 0.11901408450704225 1845 1420 169 39.09583333333333
0.8040201005025126 4.256281407035176 0.1889020070838253 1845 847 160 64.9375
0.9698492462311558 4.939698492462312 0.1963377416073245 1845 983 193 55.77380952380952
1.0753768844221105 4.889447236180905 0.2199383350462487 1845 973 214 59.4484126984127
1.07035175879397 6.201005025125628 0.17260940032414912 1845 1234 213 43.60138888888889
0.7939698492462312 4.738693467336684 0.16755037115588547 1845 943 158 70.80833333333334
0.7286432160804021 6.64321608040201 0.10968229954614221 1845 1322 145 48.89474206349206
0.7889447236180904 5.391959798994975 0.14631873252562907 1845 1073 157 60.84166666666666
0.8241206030150754 6.944723618090452 0.11866859623733719 1845 1382 164 42.43859126984127
0.7688442211055276 4.276381909547739 0.1797884841363102 1845 851 153 55.906944444444434
0.8944723618090452 5.623115577889447 0.15907059874888294 1845 1119 178 49.57242063492064
0.7889447236180904 6.63819095477387 0.11884935654806963 1845 1321 157 43.59880952380953
0.7135678391959799 5.035175879396985 0.14171656686626746 1845 1002 142 54.82083333333333
0.964824120603015 6.1206030150753765 0.15763546798029557 1845 1218 192 53.08323412698413
0.7487437185929648 6.241206030150754 0.11996779388083736 1845 1242 149 51.40694444444444
0.9296482412060302 4.386934673366834 0.21191294387170675 1860 873 185 70.95972222222223
1.050251256281407 4.105527638190955 0.2558139534883721 1860 817 209 66.09861111111111
0.628140703517588 6.472361809045226 0.0970496894409938 1860 1288 125 47.92291666666667
0.9949748743718593 5.648241206030151 0.17615658362989323 1860 1124 198 49.94623015873015
0.7939698492462312 5.060301507537688 0.15690168818272096 1860 1007 158 57.31666666666666
1.0100502512562815 6.542713567839196 0.1543778801843318 1860 1302 201 48.98809523809524
1.035175879396985 3.457286432160804 0.2994186046511628 1860 688 206 67.275
0.7638190954773869 4.959798994974874 0.1540020263424519 1860 987 152 48.47103174603175
1.1155778894472361 4.944723618090452 0.22560975609756095 1860 984 222 41.29920634920635
1.0 4.135678391959799 0.24179829890643983 1860 823 199 76.925
0.8391959798994975 7.185929648241206 0.11678321678321678 1860 1430 167 39.36468253968254
1.6030150753768844 4.045226130653266 0.39627329192546584 1860 805 319 73.33035714285715
0.7185929648241206 6.768844221105527 0.10616184112843356 1860 1347 143 48.34960317460318
0.8492462311557789 6.407035175879397 0.13254901960784315 1860 1275 169 43.82420634920635
0.8140703517587939 5.482412060301508 0.14848762603116406 1860 1091 162 52.16547619047619
0.7587939698492462 4.236180904522613 0.17912218268090152 1860 843 151 70.97500000000001
0.7688442211055276 4.4120603015075375 0.1742596810933941 1860 878 153 65.59583333333333
0.7939698492462312 7.597989949748744 0.10449735449735449 1860 1512 158 36.797619047619044
0.6683417085427136 6.040201005025126 0.11064891846921797 1860 1202 133 58.69255952380953
0.8894472361809045 4.5376884422110555 0.19601328903654483 1860 903 177 59.28720238095238
1.0050251256281406 5.391959798994975 0.1863932898415657 1875 1073 200 66.35396825396826
1.0402010050251256 4.733668341708543 0.21974522292993628 1875 942 207 42.89880952380952
0.9949748743718593 5.7537688442211055 0.17292576419213973 1875 1145 198 43.87916666666666
0.8291457286432161 4.9045226130653266 0.16905737704918034 1875 976 165 53.82559523809525
0.8542713567839196 5.618090452261306 0.15205724508050092 1875 1118 170 55.15
0.8341708542713567 5.597989949748744 0.1490125673249551 1875 1114 166 60.83730158730159
1.9095477386934674 4.231155778894473 0.4513064133016627 1875 842 380 68.60416666666667
0.7487437185929648 5.71356783919598 0.13104661389621813 1875 1137 149 48.198908730158735
0.914572864321608 6.015075376884422 0.15204678362573099 1875 1197 182 51.40813492063492
0.9949748743718593 5.301507537688442 0.1876777251184834 1875 1055 198 44.83611111111111
0.9597989949748744 3.919597989949749 0.2448717948717949 1875 780 191 64.08194444444445
0.9346733668341709 3.608040201005025 0.2590529247910864 1875 718 186 72.55
0.9195979899497487 2.7437185929648242 0.33516483516483514 1875 546 183 62.86944444444445
1.2512562814070352 3.849246231155779 0.32506527415143605 1875 766 249 59.987500000000004
1.2462311557788945 6.472361809045226 0.1925465838509317 1875 1288 248 37.87956349206349
0.8894472361809045 5.592964824120603 0.15902964959568733 1875 1113 177 50.93611111111111
0.949748743718593 4.371859296482412 0.21724137931034485 1875 870 189 60.60138888888889
1.0753768844221105 3.522613065326633 0.30527817403708984 1875 701 214 73.2611111111111
0.9346733668341709 4.944723618090452 0.18902439024390244 1875 984 186 59.979166666666664
1.0301507537688441 6.743718592964824 0.15275707898658716 1875 1342 205 49.112500000000004
1.1557788944723617 3.522613065326633 0.3281027104136947 1890 701 230 62.11388888888889
0.6984924623115578 4.557788944723618 0.15325248070562295 1890 907 139 72.11210317460318
0.9447236180904522 5.552763819095477 0.17013574660633485 1890 1105 188 58.99623015873016
1.321608040201005 4.331658291457287 0.3051044083526682 1890 862 263 56.26736111111111
0.9899497487437185 3.814070351758794 0.2595520421607378 1890 759 197 60.637499999999996
1.0753768844221105 5.0703517587939695 0.21209117938553024 1890 1009 214 61.8906746031746
0.9246231155778895 4.608040201005025 0.20065430752453653 1890 917 184 56.69166666666667
1.4371859296482412 3.0100502512562812 0.47746243739565947 1890 599 286 65.79444444444445
0.8391959798994975 5.050251256281407 0.16616915422885573 1890 1005 167 56.583333333333336
1.3919597989949748 5.351758793969849 0.260093896713615 1890 1065 277 55.808035714285715
1.1959798994974875 3.100502512562814 0.3857374392220422 1890 617 238 72.09722222222221
1.0251256281407035 5.763819095477387 0.17785527462946818 1890 1147 204 56.362500000000004
0.8090452261306532 6.4120603015075375 0.12617554858934169 1890 1276 161 49.541071428571435
0.9346733668341709 5.492462311557789 0.17017383348581885 1890 1093 186 44.12559523809524
0.7437185929648241 6.78391959798995 0.10962962962962962 1890 1350 148 48.85625000000001
0.9246231155778895 4.301507537688442 0.21495327102803738 1890 856 184 57.25833333333333
1.185929648241206 5.110552763819095 0.232055063913471 1890 1017 236 49.50982142857143
1.2914572864321607 4.592964824120603 0.2811816192560175 1890 914 257 50.12083333333334
1.0301507537688441 4.301507537688442 0.2394859813084112 1890 856 205 59.34583333333333
1.3417085427135678 4.5125628140703515 0.2973273942093541 1890 898 267 55.61835317460318
