0.8040201005025126 5.814070351758794 0.13828867761452032 1200 1157 160 9.6
1.7688442211055277 4.316582914572864 0.40977881257275905 1200 859 352 20.383333333333336
0.23618090452261306 6.482412060301508 0.03643410852713178 1200 1290 47 4.945833333333334
0.20100502512562815 6.552763819095477 0.030674846625766874 1200 1304 40 4.723214285714286
2.150753768844221 4.798994974874372 0.4481675392670157 1200 955 428 22.553472222222222
2.0452261306532664 4.552763819095477 0.4492273730684327 1200 906 407 32.03888888888889
0.7537688442211056 5.839195979899498 0.12908777969018934 1200 1162 150 8.356944444444444
1.3366834170854272 4.698492462311558 0.28449197860962566 1200 935 266 19.279166666666665
1.170854271356784 5.336683417085427 0.2193973634651601 1200 1062 233 18.358333333333334
1.5427135678391959 4.934673366834171 0.3126272912423625 1200 982 307 20.397222222222222
1.0603015075376885 5.371859296482412 0.19738072965388215 1200 1069 211 12.500595238095238
0.8040201005025126 5.763819095477387 0.13949433304272016 1200 1147 160 11.35
0.5879396984924623 6.055276381909548 0.0970954356846473 1200 1205 117 7.397222222222222
0.25125628140703515 6.366834170854271 0.03946329913180742 1200 1267 50 5.019444444444445
0.5527638190954773 6.0703517587939695 0.09105960264900662 1200 1208 110 7.885515873015872
0.20603015075376885 6.5879396984924625 0.03127383676582761 1200 1311 41 5.247222222222222
1.135678391959799 5.723618090452261 0.19841966637401232 1200 1139 226 12.779960317460317
0.9195979899497487 5.849246231155779 0.15721649484536082 1200 1164 183 9.737103174603174
1.693467336683417 5.1206030150753765 0.3307163886162905 1200 1019 337 12.842460317460317
0.06030150753768844 6.557788944723618 0.009195402298850575 1200 1305 12 3.1291666666666664
1.3316582914572865 5.733668341708543 0.2322524101665206 1215 1141 265 13.864880952380952
0.34673366834170855 6.57286432160804 0.052752293577981654 1215 1308 69 5.683333333333333
0.17587939698492464 6.592964824120603 0.026676829268292686 1215 1312 35 4.576388888888888
2.2562814070351758 4.030150753768845 0.5598503740648378 1215 802 449 22.58263888888889
1.2864321608040201 5.472361809045226 0.23507805325987147 1215 1089 256 11.11574074074074
1.6180904522613064 5.14070351758794 0.3147605083088954 1215 1023 322 28.412500000000005
1.814070351758794 4.4874371859296485 0.40425531914893614 1215 893 361 17.12638888888889
0.9296482412060302 5.994974874371859 0.1550712489522213 1215 1193 185 13.79166666666667
1.3417085427135678 5.71859296482412 0.23462214411247803 1215 1138 267 9.508333333333333
0.15577889447236182 6.552763819095477 0.023773006134969327 1215 1304 31 4.061111111111111
1.7085427135678393 4.57286432160804 0.3736263736263737 1215 910 340 25.26666666666667
3.100502512562814 3.0100502512562812 1.0300500834724542 1215 599 617 47.58888888888888
0.8241206030150754 6.050251256281407 0.1362126245847176 1215 1204 164 8.10218253968254
0.8693467336683417 6.050251256281407 0.143687707641196 1215 1204 173 8.246825396825399
0.4824120603015075 6.311557788944723 0.07643312101910828 1215 1256 96 5.877777777777777
1.4924623115577889 4.738693467336684 0.3149522799575821 1215 943 297 22.1125
0.7135678391959799 5.874371859296482 0.12147134302822926 1215 1169 142 9.551388888888887
0.5628140703517588 6.261306532663316 0.0898876404494382 1215 1246 112 7.029166666666668
0.20100502512562815 6.5879396984924625 0.03051106025934401 1215 1311 40 4.102777777777779
1.120603015075377 5.592964824120603 0.20035938903863434 1215 1113 223 8.73392857142857
1.2663316582914572 5.5376884422110555 0.22867513611615242 1230 1102 252 13.743055555555557
2.658291457286432 4.110552763819095 0.6466992665036675 1230 818 529 35.665277777777774
1.035175879396985 5.547738693467337 0.18659420289855072 1230 1104 206 17.519444444444446
0.9296482412060302 6.155778894472362 0.1510204081632653 1230 1225 185 7.3993055555555545
1.015075376884422 6.065326633165829 0.16735708367854185 1230 1207 202 9.415277777777778
1.7487437185929648 5.155778894472362 0.33918128654970764 1230 1026 348 11.435912698412698
1.7939698492462313 5.261306532663316 0.340974212034384 1230 1047 357 15.299305555555556
1.7989949748743719 5.391959798994975 0.3336439888164026 1230 1073 358 10.656712962962963
2.0452261306532664 4.819095477386934 0.42440041710114706 1230 959 407 26.509722222222223
1.1256281407035176 6.0703517587939695 0.18543046357615894 1230 1208 224 11.113492063492062
0.7085427135678392 5.909547738693467 0.11989795918367346 1230 1176 141 9.880555555555556
1.7939698492462313 4.85929648241206 0.3691830403309204 1230 967 357 22.841666666666665
1.2160804020100502 5.5879396984924625 0.21762589928057552 1230 1112 242 16.829166666666666
1.0050251256281406 5.989949748743719 0.16778523489932884 1230 1192 200 10.881547619047618
1.1557788944723617 5.768844221105527 0.20034843205574912 1230 1148 230 9.861309523809522
0.37185929648241206 6.4874371859296485 0.05731990704879938 1230 1291 74 5.248214285714286
0.6834170854271356 6.14070351758794 0.11129296235679213 1230 1222 136 7.75
1.0753768844221105 5.71859296482412 0.18804920913884007 1230 1138 214 12.749801587301585
2.2964824120603016 4.71356783919598 0.48720682302771856 1230 938 457 31.52857142857143
1.2412060301507537 5.758793969849246 0.21553228621291448 1230 1146 247 10.52361111111111
1.185929648241206 5.85929648241206 0.20240137221269297 1245 1166 236 11.416666666666666
0.2613065326633166 6.557788944723618 0.03984674329501916 1245 1305 52 5.879166666666666
1.0954773869346734 6.0954773869346734 0.179719703215169 1245 1213 218 8.322916666666666
0.38190954773869346 6.5125628140703515 0.05864197530864197 1245 1296 76 7.0625
0.7638190954773869 6.055276381909548 0.12614107883817427 1245 1205 152 9.022222222222224
1.3517587939698492 5.547738693467337 0.24365942028985507 1245 1104 269 10.156746031746033
1.7989949748743719 5.0 0.3597989949748744 1245 995 358 17.481547619047618
1.015075376884422 6.21608040201005 0.16329830234438156 1245 1237 202 8.511111111111111
1.899497487437186 4.949748743718593 0.383756345177665 1245 985 378 24.67638888888889
1.1407035175879396 5.758793969849246 0.1980802792321117 1245 1146 227 11.004166666666668
1.0904522613065326 5.994974874371859 0.181894383906119 1245 1193 217 9.321230158730158
1.6030150753768844 5.160804020100502 0.31061343719571566 1245 1027 319 22.545833333333334
2.236180904522613 4.673366834170854 0.478494623655914 1245 930 445 26.706944444444446
0.914572864321608 6.065326633165829 0.1507870753935377 1245 1207 182 8.853472222222223
1.9195979899497488 4.492462311557789 0.4272930648769575 1245 894 382 19.869444444444444
1.4221105527638191 5.708542713567839 0.24911971830985918 1245 1136 283 23.073015873015873
1.4924623115577889 5.105527638190955 0.29232283464566927 1245 1016 297 20.391666666666666
0.5226130653266332 6.57286432160804 0.07951070336391439 1245 1308 104 6.5
1.4572864321608041 5.57286432160804 0.2614968440036069 1245 1109 290 24.36944444444444
1.4572864321608041 5.105527638190955 0.2854330708661418 1245 1016 290 23.599999999999998
1.1909547738693467 5.668341708542713 0.21010638297872342 1260 1128 237 14.948611111111113
0.21608040201005024 6.909547738693467 0.03127272727272727 1260 1375 43 4.644444444444445
1.8894472361809045 4.824120603015075 0.3916666666666667 1260 960 376 28.305555555555557
2.0351758793969847 4.231155778894473 0.4809976247030878 1260 842 405 29.308333333333337
1.879396984924623 5.055276381909548 0.3717693836978131 1260 1006 374 20.418055555555558
1.7989949748743719 4.678391959798995 0.3845327604726101 1260 931 358 15.671759259259261
2.613065326633166 3.814070351758794 0.6851119894598156 1260 759 520 31.5
3.0100502512562812 3.879396984924623 0.7759067357512953 1260 772 599 51.25
1.065326633165829 5.914572864321608 0.18011894647408666 1260 1177 212 10.708531746031746
1.5477386934673367 5.125628140703518 0.30196078431372547 1260 1020 308 27.415277777777778
2.120603015075377 4.814070351758794 0.44050104384133615 1260 958 422 18.576785714285716
1.7386934673366834 4.477386934673367 0.38832772166105495 1260 891 346 22.105555555555558
2.6030150753768844 3.909547738693467 0.6658097686375322 1260 778 518 33.17460317460317
1.8894472361809045 4.673366834170854 0.40430107526881726 1260 930 376 26.35694444444444
1.3969849246231156 5.668341708542713 0.24645390070921988 1260 1128 278 24.64305555555556
1.085427135678392 5.949748743718593 0.18243243243243243 1260 1184 216 10.315277777777778
1.6683417085427135 5.271356783919598 0.31649189704480457 1260 1049 332 18.770833333333332
0.3015075376884422 6.778894472361809 0.044477390659747956 1260 1349 60 6.0569444444444445
2.0954773869346734 4.351758793969849 0.48152424942263283 1260 866 417 17.915277777777778
1.5025125628140703 5.557788944723618 0.27034358047016277 1275 1106 299 13.497222222222225
0.1658291457286432 6.969849246231155 0.02379235760634463 1275 1387 33 3.5611111111111113
2.487437185929648 4.708542713567839 0.5282817502668089 1275 937 495 32.532407407407405
0.18090452261306533 6.894472361809045 0.026239067055393587 1275 1372 36 4.733333333333333
1.6231155778894473 5.547738693467337 0.29257246376811596 1275 1104 323 17.70853174603175
2.422110552763819 4.457286432160804 0.5434047350620068 1275 887 482 30.711309523809522
0.8190954773869347 6.547738693467337 0.12509593246354567 1275 1303 163 8.310317460317462
1.3718592964824121 5.708542713567839 0.24031690140845072 1275 1136 273 24.133333333333336
1.4723618090452262 5.628140703517588 0.26160714285714287 1275 1120 293 13.305555555555557
1.7185929648241205 5.060301507537688 0.33962264150943394 1275 1007 342 20.21388888888889
2.2462311557788945 4.236180904522613 0.5302491103202847 1275 843 447 20.533730158730158
1.64321608040201 5.21608040201005 0.315028901734104 1275 1038 327 16.970833333333335
1.9597989949748744 4.728643216080402 0.41445270988310307 1275 941 390 14.655357142857143
2.949748743718593 3.527638190954774 0.8361823361823362 1275 702 587 49.09722222222223
0.8994974874371859 6.28140703517588 0.1432 1275 1250 179 9.413095238095238
1.8693467336683418 5.407035175879397 0.34572490706319703 1275 1076 372 21.26736111111111
2.040201005025126 4.683417085427136 0.43562231759656656 1275 932 406 14.234722222222222
1.7889447236180904 4.190954773869347 0.4268585131894484 1275 834 356 29.61944444444445
2.4271356783919598 4.5376884422110555 0.5348837209302325 1275 903 483 36.75416666666667
1.5527638190954773 5.447236180904523 0.2850553505535055 1275 1084 309 20.440079365079367
1.7738693467336684 4.989949748743719 0.3554884189325277 1290 993 353 21.73611111111111
1.9748743718592965 5.301507537688442 0.37251184834123224 1290 1055 393 18.015873015873016
1.7487437185929648 4.809045226130653 0.36363636363636365 1290 957 348 28.248611111111114
2.1105527638190953 5.080402010050252 0.41543026706231445 1290 1011 420 14.423611111111109
1.964824120603015 4.733668341708543 0.41507430997876854 1290 942 391 12.52361111111111
1.1959798994974875 5.834170854271357 0.2049956933677864 1290 1161 238 12.0578373015873
1.6130653266331658 5.336683417085427 0.3022598870056497 1290 1062 321 28.80416666666667
1.693467336683417 5.256281407035176 0.3221797323135755 1290 1046 337 21.844642857142855
2.6381909547738696 3.959798994974874 0.6662436548223352 1290 788 525 33.31944444444445
0.20100502512562815 7.0201005025125625 0.028632784538296353 1290 1397 40 4.5375000000000005
2.1457286432160805 4.683417085427136 0.4581545064377682 1290 932 427 20.128968253968257
1.8090452261306533 5.437185929648241 0.33271719038817005 1290 1082 360 15.063888888888888
2.4271356783919598 4.025125628140704 0.6029962546816479 1290 801 483 29.944444444444443
0.7688442211055276 6.507537688442211 0.11814671814671815 1290 1295 153 9.713690476190477
2.1608040201005023 4.0954773869346734 0.5276073619631901 1290 815 430 30.21388888888889
0.7839195979899497 6.417085427135678 0.12216131558339859 1290 1277 156 7.063492063492063
1.0452261306532664 5.909547738693467 0.17687074829931976 1290 1176 208 16.32222222222222
1.1407035175879396 5.819095477386934 0.19602763385146804 1290 1158 227 10.792857142857143
0.7286432160804021 6.432160804020101 0.11328125 1290 1280 145 8.136111111111111
1.9949748743718594 4.567839195979899 0.4367436743674368 1290 909 397 26.9375
1.8040201005025125 5.14070351758794 0.35092864125122186 1305 1023 359 20.548214285714284
1.829145728643216 5.0201005025125625 0.36436436436436437 1305 999 364 29.46111111111111
1.7085427135678393 5.763819095477387 0.2964254577157803 1305 1147 340 10.489880952380952
1.7035175879396984 5.648241206030151 0.3016014234875445 1305 1124 339 13.932738095238093
0.24623115577889448 6.422110552763819 0.038341158059467924 1200 1278 49 5.486111111111111
1.221105527638191 5.190954773869347 0.2352371732817038 1200 1033 243 22.09583333333333
0.8090452261306532 5.743718592964824 0.14085739282589674 1200 1143 161 14.252777777777778
0.5276381909547738 6.321608040201005 0.0834658187599364 1200 1258 105 6.761111111111113
0.8442211055276382 6.150753768844221 0.13725490196078433 1200 1224 168 6.106944444444444
1.7236180904522613 4.4874371859296485 0.3840985442329227 1200 893 343 30.7375
1.4522613065326633 4.703517587939698 0.3087606837606838 1200 936 289 22.2
0.964824120603015 5.768844221105527 0.1672473867595819 1200 1148 192 17.005555555555556
0.34673366834170855 6.21608040201005 0.055780113177041235 1200 1237 69 5.852777777777778
0.33668341708542715 6.266331658291457 0.053728949478749004 1200 1247 67 6.302777777777777
1.1608040201005025 5.42713567839196 0.21388888888888888 1200 1080 231 18.875
0.10552763819095477 6.517587939698492 0.016191210485736317 1200 1297 21 3.4
1.6683417085427135 4.628140703517588 0.3604777415852334 1200 921 332 22.441666666666663
0.6934673366834171 6.1206030150753765 0.11330049261083745 1200 1218 138 8.609722222222222
0.09045226130653267 6.613065326633166 0.013677811550151976 1200 1316 18 2.875
0.11055276381909548 6.567839195979899 0.01683244070390207 1200 1307 22 3.761111111111111
1.1055276381909547 5.35678391959799 0.20637898686679174 1200 1066 220 11.966666666666667
0.5979899497487438 6.256281407035176 0.09558232931726908 1200 1245 119 7.963888888888889
0.5979899497487438 5.989949748743719 0.09983221476510068 1200 1192 119 6.483333333333334
1.8542713567839195 4.4874371859296485 0.41321388577827545 1200 893 369 18.152777777777775
0.1407035175879397 6.658291457286432 0.021132075471698115 1215 1325 28 4.184722222222222
1.7939698492462313 4.522613065326633 0.3966666666666667 1215 900 357 22.644444444444446
1.3467336683417086 4.964824120603015 0.27125506072874495 1215 988 268 21.09861111111111
0.15577889447236182 6.64321608040201 0.023449319213313162 1215 1322 31 4.4319444444444445
0.36180904522613067 6.306532663316583 0.05737051792828685 1215 1255 72 5.540277777777778
1.4874371859296482 4.839195979899498 0.3073727933541018 1215 963 296 17.814583333333335
1.8542713567839195 4.824120603015075 0.384375 1215 960 369 20.724999999999998
2.336683417085427 4.542713567839196 0.5143805309734513 1215 904 465 30.416666666666668
0.5728643216080402 6.28643216080402 0.09112709832134293 1215 1251 114 7.790277777777779
0.12562814070351758 6.673366834170854 0.018825301204819275 1215 1328 25 3.8000000000000007
1.4673366834170853 4.899497487437186 0.29948717948717946 1215 975 292 26.3625
1.050251256281407 5.597989949748744 0.1876122082585278 1215 1114 209 17.759722222222223
0.8592964824120602 6.030150753768845 0.1425 1215 1200 171 7.925198412698411
0.135678391959799 6.658291457286432 0.020377358490566037 1215 1325 27 3.690277777777778
0.7236180904522613 6.231155778894473 0.11612903225806451 1215 1240 144 7.661111111111111
2.336683417085427 4.311557788944723 0.541958041958042 1215 858 465 34.15873015873016
2.6030150753768844 4.030150753768845 0.6458852867830424 1215 802 518 30.215277777777775
0.542713567839196 6.211055276381909 0.08737864077669903 1215 1236 108 9.606944444444444
0.7738693467336684 6.050251256281407 0.12790697674418605 1215 1204 154 9.634722222222221
1.7386934673366834 4.984924623115578 0.34879032258064513 1215 992 346 22.393849206349206
2.0653266331658293 4.909547738693467 0.4206755373592631 1230 977 411 13.96001984126984
1.814070351758794 4.939698492462312 0.3672431332655137 1230 983 361 17.680357142857144
0.1708542713567839 6.71859296482412 0.025430067314884067 1230 1337 34 4.477777777777778
1.306532663316583 4.954773869346734 0.26369168356997974 1230 986 260 19.394444444444446
2.4020100502512562 4.025125628140704 0.5967540574282146 1230 801 478 32.0
0.6080402010050251 6.4874371859296485 0.09372579395817195 1230 1291 121 8.134722222222221
1.135678391959799 5.7537688442211055 0.19737991266375546 1230 1145 226 10.806944444444445
0.6030150753768844 6.492462311557789 0.09287925696594426 1230 1292 120 7.572222222222222
0.4020100502512563 6.4874371859296485 0.061967467079783116 1230 1291 80 6.2444444444444445
0.2814070351758794 6.592964824120603 0.04268292682926829 1230 1312 56 5.88611111111111
1.64321608040201 4.969849246231155 0.3306370070778564 1230 989 327 16.509722222222223
1.2613065326633166 5.693467336683417 0.22153574580759047 1230 1133 251 9.823611111111111
0.21105527638190955 6.728643216080402 0.031366691560866314 1230 1339 42 5.0874999999999995
1.5577889447236182 5.28140703517588 0.2949571836346337 1230 1051 310 25.2
1.92964824120603 4.894472361809045 0.39425051334702255 1230 974 384 22.20515873015873
0.9798994974874372 5.85929648241206 0.1672384219554031 1230 1166 195 9.611111111111112
0.9899497487437185 6.236180904522613 0.1587429492344883 1230 1241 197 6.73425925925926
0.1457286432160804 6.748743718592965 0.02159344750558451 1230 1343 29 3.8541666666666665
0.5025125628140703 6.376884422110553 0.07880220646178092 1230 1269 100 8.40138888888889
2.351758793969849 3.959798994974874 0.5939086294416244 1230 788 468 27.34583333333333
0.9949748743718593 6.0201005025125625 0.1652754590984975 1245 1198 198 8.55
1.814070351758794 4.482412060301508 0.40470852017937214 1245 892 361 26.57083333333333
0.1457286432160804 6.738693467336684 0.02162565249813572 1245 1341 29 3.6680555555555556
1.5075376884422111 5.125628140703518 0.29411764705882354 1245 1020 300 25.444444444444443
1.9195979899497488 4.788944723618091 0.40083945435466944 1245 953 382 23.569444444444443
0.8944723618090452 6.050251256281407 0.1478405315614618 1245 1204 178 9.938888888888888
2.135678391959799 5.060301507537688 0.42204568023833167 1245 1007 425 15.76547619047619
3.185929648241206 3.562814070351759 0.8942172073342736 1245 709 634 53.805555555555564
1.3668341708542713 5.748743718592965 0.23776223776223776 1245 1144 272 19.945833333333336
0.4472361809045226 6.653266331658291 0.06722054380664652 1245 1324 89 7.473611111111111
1.814070351758794 4.618090452261306 0.39281828073993474 1245 919 361 26.25277777777778
1.743718592964824 4.7537688442211055 0.3668076109936575 1245 946 347 14.33174603174603
0.7989949748743719 6.432160804020101 0.12421875 1245 1280 159 7.805952380952381
1.5276381909547738 5.306532663316583 0.2878787878787879 1245 1056 304 14.1
0.7437185929648241 6.296482412060302 0.11811652035115722 1245 1253 148 8.729166666666666
1.7035175879396984 5.075376884422111 0.3356435643564356 1245 1010 339 27.938888888888886
2.2462311557788945 4.889447236180905 0.45940390544707094 1245 973 447 28.219444444444445
0.18090452261306533 6.8291457286432165 0.026490066225165563 1245 1359 36 4.959722222222222
0.6331658291457286 6.346733668341709 0.0997624703087886 1245 1263 126 6.132936507936507
1.3165829145728642 5.618090452261306 0.23434704830053668 1245 1118 262 20.747222222222224
1.0552763819095476 6.150753768844221 0.17156862745098037 1260 1224 210 9.503571428571428
0.2864321608040201 6.78391959798995 0.042222222222222223 1260 1350 57 5.488095238095238
0.19597989949748743 6.824120603015075 0.028718703976435934 1260 1358 39 4.058333333333334
0.8190954773869347 6.266331658291457 0.13071371291098638 1260 1247 163 6.796428571428571
0.9195979899497487 5.909547738693467 0.1556122448979592 1260 1176 183 11.345833333333331
0.7386934673366834 6.291457286432161 0.11741214057507987 1260 1252 147 11.143055555555556
1.135678391959799 5.819095477386934 0.19516407599309155 1260 1158 226 10.579166666666666
2.321608040201005 4.562814070351759 0.5088105726872247 1260 908 462 19.353174603174605
1.3819095477386936 5.326633165829146 0.25943396226415094 1260 1060 275 22.325
1.7688442211055277 4.733668341708543 0.37367303609341823 1260 942 352 23.977777777777778
0.2914572864321608 6.7537688442211055 0.043154761904761904 1260 1344 58 6.044444444444444
1.7688442211055277 4.944723618090452 0.35772357723577236 1260 984 352 27.02916666666667
1.2261306532663316 5.618090452261306 0.21824686940966012 1260 1118 244 11.479166666666666
1.763819095477387 5.21608040201005 0.33815028901734107 1260 1038 351 22.73452380952381
0.8894472361809045 6.130653266331659 0.14508196721311475 1260 1220 177 8.198809523809524
1.120603015075377 5.422110552763819 0.2066728452270621 1260 1079 223 12.594444444444443
1.7537688442211055 5.065326633165829 0.3462301587301587 1260 1008 349 28.91607142857143
1.7236180904522613 5.577889447236181 0.309009009009009 1260 1110 343 13.335515873015872
1.4874371859296482 4.984924623115578 0.2983870967741935 1260 992 296 22.129166666666666
1.7889447236180904 4.959798994974874 0.3606889564336373 1260 987 356 16.483333333333334
0.2914572864321608 6.778894472361809 0.04299481097108969 1275 1349 58 5.391666666666667
1.7587939698492463 5.105527638190955 0.34448818897637795 1275 1016 350 30.233333333333334
1.5376884422110553 5.065326633165829 0.3035714285714286 1275 1008 306 16.479166666666668
1.0050251256281406 5.869346733668341 0.17123287671232876 1275 1168 200 13.852777777777776
0.8492462311557789 6.150753768844221 0.1380718954248366 1275 1224 169 13.302777777777777
2.542713567839196 4.597989949748744 0.5530054644808743 1275 915 506 28.672420634920638
1.120603015075377 5.974874371859296 0.18755256518082425 1275 1189 223 11.165277777777776
1.5527638190954773 5.28643216080402 0.29372623574144485 1275 1052 309 16.919444444444444
0.8894472361809045 6.276381909547739 0.14171337069655723 1275 1249 177 11.903174603174604
0.44221105527638194 6.688442211055277 0.06611570247933884 1275 1331 88 6.3875
2.07035175879397 4.894472361809045 0.42299794661190965 1275 974 412 33.583333333333336
2.4170854271356785 4.557788944723618 0.5303197353914003 1275 907 481 36.52777777777778
1.7386934673366834 5.331658291457287 0.3261074458058435 1275 1061 346 30.041666666666668
1.4623115577889447 5.1708542713567835 0.282798833819242 1275 1029 291 15.320833333333333
1.984924623115578 4.49748743718593 0.441340782122905 1275 895 395 19.46150793650794
1.899497487437186 5.155778894472362 0.368421052631579 1275 1026 378 16.120833333333334
0.7939698492462312 6.371859296482412 0.12460567823343849 1275 1268 158 10.121428571428572
2.2663316582914574 4.326633165829146 0.5238095238095238 1275 861 451 23.322916666666668
1.5125628140703518 5.1457286432160805 0.2939453125 1275 1024 301 23.47083333333333
1.693467336683417 5.477386934673367 0.30917431192660544 1275 1090 337 19.92063492063492
2.577889447236181 4.221105527638191 0.6107142857142858 1290 840 513 29.80972222222222
1.763819095477387 4.698492462311558 0.37540106951871655 1290 935 351 30.272222222222222
2.557788944723618 3.7336683417085426 0.6850605652759084 1290 743 509 35.74583333333334
0.22613065326633167 7.0 0.03230437903804738 1290 1393 45 4.946825396825397
1.085427135678392 5.994974874371859 0.18105616093880972 1290 1193 216 11.236805555555554
0.6532663316582915 6.577889447236181 0.09931245225362872 1290 1309 130 7.398611111111112
0.9095477386934674 6.261306532663316 0.14526484751203853 1290 1246 181 9.603373015873016
0.1658291457286432 6.964824120603015 0.023809523809523808 1290 1386 33 4.570833333333333
2.0552763819095476 5.100502512562814 0.40295566502463054 1290 1015 409 12.969246031746032
1.5477386934673367 5.437185929648241 0.2846580406654344 1290 1082 308 26.06527777777778
0.24120603015075376 6.969849246231155 0.03460706560922855 1290 1387 48 4.874206349206349
1.3417085427135678 5.939698492462312 0.22588832487309643 1290 1182 267 20.855555555555554
1.6381909547738693 5.683417085427136 0.28824049513704686 1290 1131 326 13.031944444444443
1.7135678391959799 5.391959798994975 0.3178005591798695 1290 1073 341 16.529166666666665
1.7336683417085428 5.105527638190955 0.3395669291338583 1290 1016 345 29.554166666666664
2.1608040201005023 4.934673366834171 0.43788187372708753 1290 982 430 23.385416666666668
2.0251256281407035 4.914572864321608 0.4120654396728017 1290 978 403 25.665277777777778
0.4723618090452261 6.7537688442211055 0.06994047619047619 1290 1344 94 7.102777777777778
1.7336683417085428 5.050251256281407 0.34328358208955223 1290 1005 345 22.630555555555556
1.0452261306532664 6.391959798994975 0.16352201257861637 1290 1272 208 9.882738095238095
0.864321608040201 6.452261306532663 0.13395638629283488 1305 1284 172 7.326388888888888
1.271356783919598 5.482412060301508 0.23189734188817598 1305 1091 253 16.31388888888889
1.7386934673366834 5.231155778894473 0.3323727185398655 1305 1041 346 18.733333333333334
1.6633165829145728 5.0201005025125625 0.33133133133133136 1305 999 331 18.512896825396826
2.0251256281407035 4.809045226130653 0.4211076280041797 1305 957 403 28.36111111111111
0.32663316582914576 7.035175879396985 0.04642857142857143 1305 1400 65 5.819444444444444
2.6834170854271355 4.592964824120603 0.5842450765864332 1305 914 534 28.324305555555558
0.9547738693467337 6.331658291457287 0.15079365079365079 1305 1260 190 9.025
1.743718592964824 4.758793969849246 0.36642027455121434 1305 947 347 23.003968253968253
1.1557788944723617 6.025125628140704 0.19182652210175144 1305 1199 230 14.755555555555555
1.1909547738693467 6.1206030150753765 0.19458128078817735 1305 1218 237 10.637500000000001
0.6934673366834171 6.57286432160804 0.10550458715596331 1305 1308 138 8.806944444444445
2.3969849246231156 4.758793969849246 0.5036958817317846 1305 947 477 18.868849206349203
0.8994974874371859 6.608040201005025 0.1361216730038023 1305 1315 179 9.508333333333333
1.3467336683417086 5.165829145728643 0.2607003891050584 1305 1028 268 17.80138888888889
2.2110552763819094 4.984924623115578 0.44354838709677413 1305 992 440 30.6375
1.914572864321608 5.407035175879397 0.354089219330855 1305 1076 381 16.78373015873016
1.4271356783919598 5.5376884422110555 0.25771324863883843 1305 1102 284 18.801388888888887
1.221105527638191 6.030150753768845 0.2025 1305 1200 243 16.175
2.2311557788944723 4.5125628140703515 0.49443207126948774 1305 898 444 31.46388888888889
2.391959798994975 4.939698492462312 0.4842319430315361 1320 983 476 32.23518518518518
2.693467336683417 4.160804020100502 0.6473429951690822 1320 828 536 29.528373015873015
2.1658291457286434 5.316582914572864 0.4073724007561437 1320 1058 431 25.84246031746032
1.6331658291457287 5.603015075376884 0.2914798206278027 1320 1115 325 23.495436507936514
1.065326633165829 6.351758793969849 0.16772151898734178 1320 1264 212 7.109722222222222
2.4522613065326633 5.035175879396985 0.4870259481037924 1320 1002 488 33.730555555555554
0.31155778894472363 7.055276381909548 0.044159544159544165 1320 1404 62 5.3500000000000005
2.6532663316582914 4.381909547738694 0.6055045871559632 1320 872 528 36.54027777777778
1.1557788944723617 6.185929648241206 0.18683996750609258 1320 1231 230 10.71111111111111
0.914572864321608 6.030150753768845 0.15166666666666664 1320 1200 182 14.137500000000001
0.33668341708542715 6.944723618090452 0.04848046309696093 1320 1382 67 5.416666666666668
1.899497487437186 5.110552763819095 0.37168141592920356 1320 1017 378 31.5718253968254
2.1055276381909547 5.326633165829146 0.3952830188679245 1320 1060 419 25.200000000000006
1.6884422110552764 5.63819095477387 0.2994652406417112 1320 1122 336 19.906944444444445
2.522613065326633 5.025125628140704 0.502 1320 1000 502 13.713128306878309
2.090452261306533 4.653266331658291 0.449244060475162 1320 926 416 21.361111111111114
2.3819095477386933 4.28643216080402 0.555685814771395 1320 853 474 21.96875
1.9095477386934674 5.331658291457287 0.35815268614514606 1320 1061 380 26.944444444444443
2.180904522613065 4.522613065326633 0.4822222222222222 1320 900 434 25.391666666666666
2.6884422110552766 4.271356783919598 0.6294117647058824 1320 850 535 40.15277777777778
2.190954773869347 5.055276381909548 0.4333996023856859 1335 1006 436 34.19027777777777
1.7587939698492463 4.894472361809045 0.3593429158110883 1335 974 350 27.111111111111114
1.100502512562814 6.28643216080402 0.1750599520383693 1335 1251 219 10.630952380952381
2.4170854271356785 4.824120603015075 0.5010416666666667 1335 960 481 28.83611111111111
1.1909547738693467 5.894472361809045 0.20204603580562658 1335 1173 237 17.392261904761906
1.3969849246231156 5.824120603015075 0.2398619499568594 1335 1159 278 9.511706349206348
0.5477386934673367 6.788944723618091 0.08068097705403406 1335 1351 109 7.025198412698413
1.9095477386934674 4.819095477386934 0.3962460896767466 1335 959 380 20.747619047619047
1.5527638190954773 5.748743718592965 0.2701048951048951 1335 1144 309 14.333333333333334
1.9949748743718594 5.311557788944723 0.3755912961210975 1335 1057 397 18.598412698412698
1.934673366834171 5.889447236180905 0.32849829351535836 1335 1172 385 13.297916666666666
2.050251256281407 4.884422110552764 0.41975308641975306 1335 972 408 22.202579365079362
2.9396984924623117 3.909547738693467 0.7519280205655527 1335 778 585 36.135416666666664
2.7035175879396984 4.206030150753769 0.6427718040621266 1335 837 538 38.726388888888884
1.7085427135678393 5.733668341708543 0.2979842243645925 1335 1141 340 18.729166666666668
1.2512562814070352 6.100502512562814 0.20510708401976935 1335 1214 249 9.014583333333334
2.040201005025126 4.989949748743719 0.40886203423967776 1335 993 406 30.01111111111111
1.8592964824120604 5.015075376884422 0.3707414829659319 1335 998 370 26.025000000000002
2.2763819095477387 4.105527638190955 0.554467564259486 1335 817 453 30.01111111111111
1.7236180904522613 4.919597989949748 0.3503575076608785 1335 979 343 25.495833333333334
1.7185929648241205 6.517587939698492 0.2636854279105628 1385 1297 342 12.036507936507936
1.6030150753768844 5.733668341708543 0.2795793163891323 1385 1141 319 21.028968253968255
1.7889447236180904 6.050251256281407 0.2956810631229236 1385 1204 356 14.793055555555554
1.7939698492462313 5.185929648241206 0.34593023255813954 1385 1032 357 25.105555555555554
2.1105527638190953 4.844221105527638 0.4356846473029045 1385 964 420 31.760515873015873
1.6683417085427135 4.321608040201005 0.386046511627907 1385 860 332 20.131944444444443
0.44221105527638194 7.597989949748744 0.058201058201058205 1385 1512 88 6.410714285714286
2.321608040201005 4.582914572864322 0.506578947368421 1385 912 462 16.66736111111111
2.170854271356784 4.9045226130653266 0.4426229508196722 1385 976 432 15.836904761904762
3.5979899497487438 3.562814070351759 1.0098730606488011 1385 709 716 49.729166666666664
1.8693467336683418 5.256281407035176 0.35564053537284895 1385 1046 372 27.445833333333336
2.321608040201005 4.824120603015075 0.48125000000000007 1385 960 462 23.552083333333332
1.8844221105527639 5.567839195979899 0.3384476534296029 1385 1108 375 17.287103174603175
2.728643216080402 3.9346733668341707 0.6934865900383141 1385 783 543 33.77281746031746
1.7085427135678393 5.894472361809045 0.2898550724637681 1385 1173 340 16.435119047619043
2.07035175879397 4.492462311557789 0.4608501118568233 1385 894 412 30.840277777777775
1.814070351758794 5.673366834170854 0.3197519929140833 1385 1129 361 16.5109126984127
1.5477386934673367 5.994974874371859 0.2581726739312657 1385 1193 308 11.877777777777778
2.1055276381909547 5.0703517587939695 0.41526263627353815 1385 1009 419 21.80694444444445
1.8341708542713568 5.452261306532663 0.33640552995391704 1385 1085 365 23.462500000000002
2.4020100502512562 4.326633165829146 0.5551684088269454 1400 861 478 27.16388888888889
1.321608040201005 6.7537688442211055 0.1956845238095238 1400 1344 263 9.087896825396825
1.3819095477386936 6.060301507537688 0.22802653399668327 1400 1206 275 15.218055555555557
0.9396984924623115 6.9296482412060305 0.13560551124002898 1400 1379 187 9.075992063492064
1.4824120603015076 6.28643216080402 0.23581135091926458 1400 1251 295 12.547916666666666
2.386934673366834 4.869346733668341 0.49019607843137253 1400 969 475 27.918253968253968
1.9095477386934674 5.648241206030151 0.33807829181494664 1400 1124 380 21.0375
1.8190954773869348 6.080402010050252 0.2991735537190083 1400 1210 362 13.481250000000001
2.658291457286432 4.21608040201005 0.6305125148986889 1400 839 529 30.84375
1.4673366834170853 6.055276381909548 0.24232365145228216 1400 1205 292 16.657142857142862
2.442211055276382 5.110552763819095 0.4778761061946903 1400 1017 486 40.35853174603175
1.6381909547738693 5.778894472361809 0.2834782608695652 1400 1150 326 12.974603174603175
2.090452261306533 4.909547738693467 0.42579324462640744 1400 977 416 32.9
2.4824120603015074 4.8040201005025125 0.5167364016736401 1400 956 494 34.13115079365079
1.8894472361809045 5.336683417085427 0.3540489642184557 1400 1062 376 21.316666666666666
2.0753768844221105 5.0954773869346734 0.4072978303747534 1400 1014 413 25.944047619047623
2.2311557788944723 4.723618090452261 0.4723404255319149 1400 940 444 25.0968253968254
2.4472361809045227 4.492462311557789 0.5447427293064877 1400 894 487 23.021329365079364
2.7035175879396984 3.7236180904522613 0.7260458839406208 1400 741 538 20.288690476190478
1.2160804020100502 6.562814070351759 0.18529862174578868 1400 1306 242 16.700992063492063
2.0452261306532664 4.814070351758794 0.4248434237995825 1415 958 407 27.908333333333335
1.3768844221105527 5.698492462311558 0.24162257495590828 1415 1134 274 20.858333333333334
2.4020100502512562 4.934673366834171 0.4867617107942973 1415 982 478 18.84920634920635
2.3316582914572863 4.924623115577889 0.47346938775510206 1415 980 464 31.388888888888886
1.5226130653266332 5.507537688442211 0.27645985401459855 1415 1096 303 22.73015873015873
2.562814070351759 4.206030150753769 0.6093189964157707 1415 837 510 34.68154761904762
2.185929648241206 4.919597989949748 0.44433094994892747 1415 979 435 28.027380952380952
1.6231155778894473 5.673366834170854 0.2860938883968114 1415 1129 323 21.959126984126986
2.2110552763819094 5.9296482412060305 0.37288135593220334 1415 1180 440 14.429563492063492
1.4472361809045227 6.0201005025125625 0.24040066777963273 1415 1198 288 15.444444444444445
2.92964824120603 4.065326633165829 0.7206427688504327 1415 809 583 34.40972222222222
2.0753768844221105 5.472361809045226 0.379247015610652 1415 1089 413 21.599999999999998
2.7437185929648242 4.57286432160804 0.6000000000000001 1415 910 546 45.72222222222222
2.2562814070351758 5.0703517587939695 0.4449950445986125 1415 1009 449 27.48809523809524
1.5075376884422111 5.9045226130653266 0.25531914893617025 1415 1175 300 14.365277777777779
1.763819095477387 5.914572864321608 0.2982158028887001 1415 1177 351 16.00138888888889
1.6834170854271358 5.678391959798995 0.29646017699115046 1415 1130 335 21.097222222222225
2.291457286432161 4.417085427135678 0.5187713310580205 1415 879 456 21.425
2.371859296482412 5.371859296482412 0.44153414405986907 1415 1069 472 13.86875
2.5175879396984926 4.989949748743719 0.5045317220543807 1415 993 501 17.572420634920633
2.2311557788944723 5.130653266331659 0.43486777668952004 1430 1021 444 27.84801587301587
1.4773869346733668 6.884422110552764 0.2145985401459854 1430 1370 294 11.74970238095238
1.7839195979899498 5.864321608040201 0.30419880034275926 1430 1167 355 26.045833333333334
2.371859296482412 4.974874371859296 0.47676767676767684 1430 990 472 30.211111111111112
2.0050251256281406 5.8040201005025125 0.34545454545454546 1430 1155 399 14.600595238095238
1.914572864321608 5.371859296482412 0.3564078578110384 1430 1069 381 18.240277777777774
1.7738693467336684 6.055276381909548 0.2929460580912863 1430 1205 353 22.797619047619047
1.914572864321608 5.71356783919598 0.33509234828496043 1430 1137 381 15.965277777777777
1.7236180904522613 5.608040201005025 0.30734767025089604 1430 1116 343 27.48253968253968
2.577889447236181 5.150753768844221 0.5004878048780488 1430 1025 513 27.51190476190476
2.1256281407035176 4.437185929648241 0.479048697621744 1430 883 423 27.020833333333332
2.201005025125628 4.758793969849246 0.46251319957761355 1430 947 438 27.9484126984127
2.512562814070352 4.894472361809045 0.513347022587269 1430 974 500 19.41765873015873
1.64321608040201 6.366834170854271 0.2580899763220205 1430 1267 327 24.291666666666668
2.2261306532663316 5.402010050251256 0.41209302325581393 1430 1075 443 18.56924603174603
4.457286432160804 2.7688442211055277 1.6098003629764064 1430 551 887 63.98148148148149
2.879396984924623 3.3668341708542715 0.8552238805970148 1430 670 573 21.881944444444443
1.8944723618090453 6.075376884422111 0.3118279569892473 1430 1209 377 13.662896825396823
2.592964824120603 4.9045226130653266 0.528688524590164 1430 976 516 26.239583333333332
1.763819095477387 5.49748743718593 0.32084095063985374 1430 1094 351 26.090277777777782
2.7035175879396984 4.623115577889447 0.5847826086956522 1445 920 538 33.79861111111111
2.236180904522613 4.63819095477387 0.4821235102925243 1445 923 445 36.13888888888889
1.5778894472361809 6.276381909547739 0.25140112089671734 1445 1249 314 24.375
1.849246231155779 5.592964824120603 0.3306379155435759 1445 1113 368 30.212698412698412
0.8492462311557789 7.28643216080402 0.11655172413793104 1445 1450 169 9.602380952380953
1.7336683417085428 5.71356783919598 0.3034300791556728 1445 1137 345 18.733333333333334
1.5175879396984924 5.899497487437186 0.2572402044293015 1445 1174 302 16.107142857142858
2.0603015075376883 5.613065326633166 0.36705461056401073 1445 1117 410 22.19285714285714
1.979899497487437 5.678391959798995 0.34867256637168137 1445 1130 394 21.250198412698413
1.3467336683417086 6.698492462311558 0.20105026256564143 1445 1333 268 17.692460317460316
1.4673366834170853 6.100502512562814 0.24052718286655683 1445 1214 292 15.488095238095239
2.1256281407035176 5.050251256281407 0.4208955223880597 1445 1005 423 25.325
2.8944723618090453 5.090452261306533 0.5686080947680158 1445 1013 576 27.676388888888884
3.050251256281407 4.185929648241206 0.7286914765906362 1445 833 607 45.75198412698413
2.2763819095477387 5.708542713567839 0.3987676056338028 1445 1136 453 22.51805555555556
2.2110552763819094 4.78391959798995 0.46218487394957974 1445 952 440 31.881944444444446
3.3969849246231156 3.3266331658291457 1.0211480362537764 1445 662 676 46.34722222222222
1.7135678391959799 5.668341708542713 0.3023049645390071 1445 1128 341 20.77142857142857
2.3618090452261304 5.668341708542713 0.41666666666666663 1445 1128 470 31.340277777777775
1.4120603015075377 6.723618090452261 0.21001494768310913 1445 1338 281 15.741666666666665
1.914572864321608 5.321608040201005 0.3597733711048159 1460 1059 381 23.647222222222222
1.321608040201005 6.648241206030151 0.19879062736205594 1460 1323 263 12.77956349206349
2.1256281407035176 5.7537688442211055 0.36943231441048036 1460 1145 423 14.296031746031746
2.1959798994974875 5.708542713567839 0.3846830985915493 1460 1136 437 24.714550264550265
1.8090452261306533 5.57286432160804 0.32461677186654647 1460 1109 360 28.13333333333333
1.7236180904522613 6.477386934673367 0.26609775019394877 1460 1289 343 24.876388888888886
2.1105527638190953 4.894472361809045 0.4312114989733059 1460 974 420 16.63888888888889
2.4623115577889445 5.35678391959799 0.4596622889305816 1460 1066 490 25.21388888888889
2.5527638190954773 5.276381909547739 0.48380952380952374 1460 1050 508 17.74884259259259
1.9447236180904524 5.402010050251256 0.36000000000000004 1460 1075 387 17.624999999999996
2.763819095477387 4.130653266331659 0.6690997566909975 1460 822 550 36.94563492063492
2.0653266331658293 5.693467336683417 0.3627537511032657 1460 1133 411 20.98888888888889
1.6130653266331658 5.934673366834171 0.27180355630821335 1460 1181 321 13.535515873015873
1.8592964824120604 5.075376884422111 0.36633663366336633 1460 1010 370 29.508333333333336
2.0050251256281406 6.010050251256281 0.33361204013377926 1460 1196 399 23.203373015873012
2.341708542713568 5.160804020100502 0.453748782862707 1460 1027 466 30.390476190476193
1.592964824120603 6.2462311557788945 0.25502815768302495 1460 1243 317 13.585515873015872
1.693467336683417 6.728643216080402 0.25168035847647496 1460 1339 337 15.036805555555555
1.8391959798994975 6.221105527638191 0.2956381260096931 1460 1238 366 29.46150793650794
2.5376884422110555 5.396984924623116 0.47020484171322163 1460 1074 505 18.264087301587303
2.1557788944723617 4.9296482412060305 0.437308868501529 1475 981 429 29.62777777777778
1.9597989949748744 5.331658291457287 0.36757775683317623 1475 1061 390 20.79236111111111
1.6984924623115578 6.276381909547739 0.2706164931945556 1475 1249 338 16.83125
2.487437185929648 5.105527638190955 0.4872047244094488 1475 1016 495 28.058531746031747
2.472361809045226 5.155778894472362 0.4795321637426901 1475 1026 492 21.477546296296296
2.949748743718593 4.5879396984924625 0.6429353778751369 1475 913 587 42.270833333333336
1.321608040201005 6.683417085427136 0.19774436090225564 1475 1330 263 19.97638888888889
2.301507537688442 4.758793969849246 0.4836325237592397 1475 947 458 17.92083333333333
3.3668341708542715 3.4974874371859297 0.9626436781609196 1475 696 670 46.87777777777777
2.4170854271356785 4.28140703517588 0.5645539906103286 1475 852 481 23.03935185185185
3.2814070351758793 4.256281407035176 0.7709563164108618 1475 847 653 41.604166666666664
1.949748743718593 5.28643216080402 0.3688212927756654 1475 1052 388 31.775396825396825
3.2663316582914574 4.040201005025126 0.8084577114427861 1475 804 650 33.49444444444445
0.7386934673366834 7.613065326633166 0.09702970297029703 1475 1515 147 9.041666666666666
3.879396984924623 3.437185929648241 1.128654970760234 1475 684 772 49.052083333333336
1.7135678391959799 5.864321608040201 0.29220222793487577 1475 1167 341 26.9609126984127
2.2462311557788945 4.507537688442211 0.49832775919732447 1475 897 447 25.93769841269841
2.6231155778894473 3.6834170854271355 0.7121418826739427 1475 733 522 26.006944444444446
2.201005025125628 3.9246231155778895 0.5608194622279129 1475 781 438 26.819444444444443
2.0351758793969847 5.824120603015075 0.34943917169974115 1475 1159 405 22.4515873015873
2.492462311557789 5.055276381909548 0.49304174950298213 1490 1006 496 25.6875
2.0653266331658293 4.798994974874372 0.4303664921465969 1490 955 411 22.360119047619047
2.9346733668341707 2.6532663316582914 1.106060606060606 1490 528 584 45.13472222222222
2.3819095477386933 5.532663316582915 0.4305177111716621 1490 1101 474 18.316468253968257
2.040201005025126 5.532663316582915 0.368755676657584 1490 1101 406 14.383134920634923
3.5678391959798996 4.391959798994975 0.8123569794050344 1490 874 710 39.47731481481481
3.080402010050251 4.190954773869347 0.7350119904076738 1490 834 613 31.722916666666663
2.487437185929648 5.437185929648241 0.4574861367837338 1490 1082 495 18.910052910052908
2.6733668341708543 5.1457286432160805 0.51953125 1490 1024 532 34.78088624338624
1.763819095477387 6.251256281407035 0.2821543408360129 1490 1244 351 22.944841269841266
1.7939698492462313 6.49748743718593 0.2761020881670534 1490 1293 357 13.919973544973544
2.2763819095477387 5.201005025125628 0.43768115942028984 1490 1035 453 20.549999999999997
2.336683417085427 4.884422110552764 0.47839506172839497 1490 972 465 32.079166666666666
1.2160804020100502 6.959798994974874 0.1747292418772563 1490 1385 242 13.938293650793648
1.5527638190954773 5.994974874371859 0.259010896898575 1490 1193 309 17.24652777777778
2.708542713567839 4.773869346733668 0.5673684210526316 1490 950 539 33.22083333333333
1.814070351758794 6.351758793969849 0.28560126582278483 1490 1264 361 21.252777777777776
1.92964824120603 5.527638190954774 0.34909090909090906 1490 1100 384 28.07638888888889
2.85929648241206 4.110552763819095 0.69559902200489 1490 818 569 38.06944444444444
2.9849246231155777 4.2462311557788945 0.7029585798816568 1490 845 594 45.632936507936506
1.6582914572864322 6.261306532663316 0.2648475120385233 1505 1246 330 14.53730158730159
1.6532663316582914 6.909547738693467 0.23927272727272728 1505 1375 329 15.70952380952381
3.0150753768844223 3.9949748743718594 0.7547169811320755 1505 795 600 42.0625
2.457286432160804 6.005025125628141 0.4092050209205021 1505 1195 489 15.474966931216931
3.0452261306532664 4.185929648241206 0.7274909963985594 1505 833 606 36.03194444444444
1.964824120603015 5.5125628140703515 0.35642661804922515 1505 1097 391 28.754166666666666
2.472361809045226 4.793969849246231 0.5157232704402516 1505 954 492 21.190873015873017
2.698492462311558 3.7437185929648242 0.7208053691275168 1505 745 537 34.68333333333334
2.120603015075377 5.788944723618091 0.3663194444444444 1505 1152 422 28.80753968253968
2.2763819095477387 5.477386934673367 0.4155963302752293 1505 1090 453 23.078174603174602
3.2261306532663316 4.306532663316583 0.7491248541423571 1505 857 642 52.81269841269841
1.678391959798995 6.4623115577889445 0.2597200622083981 1505 1286 334 13.071031746031744
2.251256281407035 5.055276381909548 0.44532803180914515 1505 1006 448 31.91051587301587
2.1457286432160805 5.778894472361809 0.37130434782608696 1505 1150 427 31.67063492063492
1.9045226130653266 5.989949748743719 0.31795302013422816 1505 1192 379 16.570039682539683
2.030150753768844 5.180904522613066 0.39185257032007753 1505 1031 404 28.35972222222222
1.9597989949748744 6.437185929648241 0.3044496487119438 1505 1281 390 26.19345238095238
2.9246231155778895 3.4120603015075375 0.8571428571428572 1505 679 582 42.298611111111114
3.2562814070351758 3.8442211055276383 0.8470588235294118 1505 765 648 43.99801587301587
2.090452261306533 6.115577889447236 0.3418241577649959 1505 1217 416 22.710218253968254
1.693467336683417 6.030150753768845 0.2808333333333333 1520 1200 337 20.1984126984127
2.814070351758794 4.165829145728643 0.675512665862485 1520 829 560 36.75694444444445
1.7939698492462313 6.663316582914573 0.2692307692307693 1520 1326 357 14.221428571428573
2.4522613065326633 4.71859296482412 0.5197018104366348 1520 939 488 27.4375
1.7487437185929648 6.733668341708543 0.25970149253731345 1520 1340 348 16.953769841269843
1.7587939698492463 6.49748743718593 0.27068832173240526 1520 1293 350 18.099999999999998
2.7386934673366836 4.532663316582915 0.6042128603104213 1520 902 545 38.71666666666667
1.5728643216080402 6.668341708542713 0.23587038432554636 1520 1327 313 14.77420634920635
3.080402010050251 4.100502512562814 0.7512254901960784 1520 816 613 45.78174603174603
2.3668341708542715 5.090452261306533 0.46495557749259625 1520 1013 471 16.956944444444446
2.577889447236181 4.819095477386934 0.5349322210636079 1520 959 513 26.26388888888889
2.798994974874372 4.371859296482412 0.6402298850574714 1520 870 557 32.15625
2.5728643216080402 5.040201005025126 0.5104685942173479 1520 1003 512 24.199074074074076
3.1105527638190953 4.331658291457287 0.7180974477958235 1520 862 619 40.38849206349206
1.5175879396984924 7.266331658291457 0.20885200553250347 1520 1446 302 13.870833333333332
3.1758793969849246 3.909547738693467 0.8123393316195373 1520 778 632 49.513888888888886
1.592964824120603 6.85929648241206 0.23223443223443221 1520 1365 317 13.618055555555555
2.020100502512563 5.477386934673367 0.36880733944954125 1520 1090 402 21.165277777777778
2.422110552763819 5.758793969849246 0.42059336823734733 1520 1146 482 15.458101851851852
2.221105527638191 5.597989949748744 0.39676840215439857 1520 1114 442 22.142261904761906
2.040201005025126 6.266331658291457 0.32558139534883723 1570 1247 406 15.072222222222223
1.5427135678391959 7.341708542713568 0.21013004791238876 1570 1461 307 14.34513888888889
2.2964824120603016 6.165829145728643 0.3724531377343114 1570 1227 457 16.054100529100527
2.0954773869346734 5.326633165829146 0.3933962264150943 1570 1060 417 30.430555555555554
2.442211055276382 5.130653266331659 0.47600391772771794 1570 1021 486 33.22380952380953
3.1658291457286434 4.226130653266332 0.7491082045184304 1570 841 630 51.06964285714286
2.14070351758794 6.180904522613066 0.3463414634146342 1570 1230 426 14.48650793650794
1.6231155778894473 7.1457286432160805 0.2271448663853727 1570 1422 323 12.192559523809523
2.07035175879397 5.557788944723618 0.37251356238698013 1570 1106 412 16.55813492063492
2.4824120603015074 5.592964824120603 0.4438454627133872 1570 1113 494 23.748809523809523
1.4170854271356783 7.296482412060302 0.19421487603305784 1570 1452 282 12.22748015873016
2.9899497487437188 4.371859296482412 0.6839080459770116 1570 870 595 39.47708333333333
1.728643216080402 6.346733668341709 0.2723673792557403 1570 1263 344 17.402380952380952
1.9195979899497488 6.658291457286432 0.28830188679245283 1570 1325 382 21.788756613756618
0.7537688442211056 8.22110552763819 0.09168704156479218 1570 1636 150 8.34126984126984
2.040201005025126 5.231155778894473 0.3900096061479347 1570 1041 406 27.28333333333333
1.1909547738693467 7.492462311557789 0.158953722334004 1570 1491 237 10.602480158730161
2.678391959798995 5.211055276381909 0.5139826422372228 1570 1037 533 28.12013888888889
2.919597989949749 4.653266331658291 0.6274298056155508 1570 926 581 29.52638888888889
2.758793969849246 4.522613065326633 0.61 1570 900 549 32.21875
2.1256281407035176 5.698492462311558 0.373015873015873 1585 1134 423 27.067857142857147
1.934673366834171 6.8291457286432165 0.28329654157468726 1585 1359 385 12.445767195767194
2.386934673366834 5.844221105527638 0.408426483233018 1585 1163 475 28.747718253968255
2.8341708542713566 4.964824120603015 0.5708502024291497 1585 988 564 19.374305555555555
3.0 4.919597989949748 0.609805924412666 1585 979 597 37.59484126984127
2.492462311557789 5.698492462311558 0.4373897707231041 1585 1134 496 23.393551587301587
3.0050251256281406 4.57286432160804 0.6571428571428571 1585 910 598 44.580357142857146
1.4221105527638191 6.8793969849246235 0.20672023374726078 1585 1369 283 15.738888888888889
2.291457286432161 5.874371859296482 0.39007698887938413 1585 1169 456 15.89623015873016
1.9949748743718594 6.1959798994974875 0.32197891321978916 1585 1233 397 19.589880952380955
2.0603015075376883 6.115577889447236 0.33689400164338534 1585 1217 410 28.113095238095237
1.7487437185929648 6.050251256281407 0.28903654485049834 1585 1204 348 21.33869047619048
2.9396984924623117 5.165829145728643 0.5690661478599223 1585 1028 585 33.836309523809526
2.472361809045226 4.909547738693467 0.5035823950870011 1585 977 492 20.736011904761906
2.708542713567839 4.834170854271357 0.5602910602910602 1585 962 539 19.729166666666668
2.5829145728643215 4.949748743718593 0.5218274111675126 1585 985 514 28.02301587301588
2.0653266331658293 5.738693467336684 0.35989492119089317 1585 1142 411 33.12896825396825
2.0351758793969847 6.1457286432160805 0.3311529026982829 1585 1223 405 17.559126984126987
1.864321608040201 6.386934673366834 0.29189614476789927 1585 1271 371 15.575793650793651
2.6030150753768844 5.663316582914573 0.4596273291925466 1585 1127 518 27.06574074074074
1.8743718592964824 6.321608040201005 0.29650238473767887 1600 1258 373 19.393948412698414
2.386934673366834 5.060301507537688 0.4716981132075471 1600 1007 475 33.29027777777778
2.899497487437186 4.452261306532663 0.6512415349887133 1600 886 577 35.89781746031746
2.6180904522613067 5.839195979899498 0.4483648881239243 1600 1162 521 26.638888888888886
2.9045226130653266 4.432160804020101 0.655328798185941 1600 882 578 48.31746031746031
1.7738693467336684 7.336683417085427 0.24178082191780823 1600 1460 353 13.725694444444443
2.1658291457286434 5.402010050251256 0.4009302325581396 1600 1075 431 18.726157407407406
1.7336683417085428 7.4874371859296485 0.23154362416107382 1600 1490 345 11.236111111111109
3.030150753768844 4.909547738693467 0.617195496417605 1600 977 603 32.43551587301587
2.14070351758794 5.542713567839196 0.386219401631913 1600 1103 426 34.166666666666664
2.748743718592965 5.673366834170854 0.48449955713020376 1600 1129 547 23.595535714285717
2.28643216080402 5.276381909547739 0.43333333333333324 1600 1050 455 27.734523809523807
1.914572864321608 6.477386934673367 0.29557796741660197 1600 1289 381 17.06309523809524
2.1457286432160805 5.954773869346734 0.36033755274261603 1600 1185 427 17.831051587301587
2.2311557788944723 5.8793969849246235 0.37948717948717947 1600 1170 444 25.316865079365083
2.2763819095477387 5.708542713567839 0.3987676056338028 1600 1136 453 32.60595238095238
2.5678391959798996 5.949748743718593 0.4315878378378379 1600 1184 511 18.876587301587303
3.1256281407035176 4.909547738693467 0.6366427840327533 1600 977 622 40.02638888888889
1.0 8.105527638190955 0.12337259764414135 1600 1613 199 12.798412698412697
2.728643216080402 4.648241206030151 0.587027027027027 1600 925 543 26.847916666666666
1.9597989949748744 6.160804020100502 0.3181076672104405 1615 1226 390 20.47222222222222
2.628140703517588 5.206030150753769 0.5048262548262549 1615 1036 523 22.15416666666667
2.0251256281407035 7.055276381909548 0.28703703703703703 1615 1404 403 11.96332671957672
1.5979899497487438 7.185929648241206 0.22237762237762237 1615 1430 318 15.867923280423279
2.487437185929648 5.618090452261306 0.44275491949910556 1615 1118 495 26.089186507936507
2.6180904522613067 4.894472361809045 0.5349075975359343 1615 974 521 35.62480158730158
1.7085427135678393 7.125628140703518 0.2397743300423131 1615 1418 340 12.380291005291006
2.5829145728643215 4.984924623115578 0.5181451612903225 1615 992 514 31.03194444444445
1.814070351758794 6.71356783919598 0.27020958083832336 1615 1336 361 12.382440476190476
2.1457286432160805 6.648241206030151 0.3227513227513228 1615 1323 427 29.4047619047619
1.5879396984924623 6.492462311557789 0.24458204334365324 1615 1292 316 15.304563492063494
2.090452261306533 6.914572864321608 0.3023255813953489 1615 1376 416 16.977777777777778
2.628140703517588 5.2462311557788945 0.5009578544061303 1615 1044 523 34.488194444444446
2.0251256281407035 6.5125628140703515 0.3109567901234568 1615 1296 403 17.27043650793651
2.2814070351758793 6.482412060301508 0.351937984496124 1615 1290 454 17.60763888888889
2.8894472361809047 4.160804020100502 0.6944444444444445 1615 828 575 26.91898148148148
1.321608040201005 7.814070351758794 0.16913183279742766 1615 1555 263 12.749007936507937
3.251256281407035 4.839195979899498 0.671858774662513 1615 963 647 46.30694444444445
3.487437185929648 3.5879396984924625 0.9719887955182072 1615 714 694 50.24166666666667
3.0552763819095476 5.165829145728643 0.5914396887159533 1615 1028 608 31.844444444444445
0.9396984924623115 8.386934673366834 0.11204313960455362 1630 1669 187 8.954067460317459
2.5376884422110555 6.321608040201005 0.40143084260731327 1630 1258 505 23.748412698412704
2.407035175879397 5.693467336683417 0.4227714033539276 1630 1133 479 21.853571428571428
1.4723618090452262 7.85929648241206 0.18734015345268543 1630 1564 293 10.379861111111111
2.201005025125628 6.266331658291457 0.351242983159583 1630 1247 438 17.905059523809523
2.728643216080402 5.964824120603015 0.45745577085088457 1630 1187 543 16.635416666666668
1.9195979899497488 7.407035175879397 0.25915875169606517 1630 1474 382 11.38968253968254
2.2562814070351758 6.1457286432160805 0.36713000817661484 1630 1223 449 14.348148148148148
1.8341708542713568 6.914572864321608 0.26526162790697677 1630 1376 365 13.51984126984127
2.472361809045226 5.582914572864322 0.4428442844284428 1630 1111 492 36.01666666666667
2.64321608040201 5.71356783919598 0.4626209322779244 1630 1137 526 32.373511904761905
2.829145728643216 4.984924623115578 0.5675403225806451 1630 992 563 40.047222222222224
1.9748743718592965 7.155778894472362 0.27598314606741575 1630 1424 393 15.263525132275133
2.0653266331658293 5.778894472361809 0.35739130434782607 1630 1150 411 22.226190476190478
3.020100502512563 4.969849246231155 0.6076845298281093 1630 989 601 32.08346560846561
1.3417085427135678 7.492462311557789 0.17907444668008046 1630 1491 267 14.521130952380952
2.577889447236181 6.175879396984925 0.41741253051261185 1630 1229 513 24.7827380952381
2.2060301507537687 5.14070351758794 0.429130009775171 1630 1023 439 23.853174603174605
3.3819095477386933 5.688442211055277 0.5945229681978799 1630 1132 673 26.89513888888889
2.869346733668342 4.311557788944723 0.6655011655011656 1630 858 571 39.40595238095238
3.0552763819095476 4.964824120603015 0.6153846153846154 1645 988 608 33.68055555555555
3.2562814070351758 4.472361809045226 0.7280898876404495 1645 890 648 43.025
2.1105527638190953 5.864321608040201 0.35989717223650386 1645 1167 420 21.43621031746032
1.3316582914572865 7.296482412060302 0.1825068870523416 1645 1452 265 17.013392857142858
2.728643216080402 5.236180904522613 0.5211132437619961 1645 1042 543 21.88134920634921
3.0552763819095476 5.527638190954774 0.5527272727272726 1645 1100 608 19.124603174603177
1.015075376884422 8.201005025125628 0.12377450980392156 1645 1632 202 11.100992063492065
3.3316582914572863 4.442211055276382 0.75 1645 884 663 45.882738095238096
1.5477386934673367 7.025125628140704 0.22031473533619456 1645 1398 308 16.44236111111111
2.5829145728643215 5.71859296482412 0.45166959578207383 1645 1138 514 20.84513888888889
2.5979899497487438 5.50251256281407 0.47214611872146117 1645 1095 517 21.732473544973544
3.0552763819095476 4.768844221105527 0.6406743940990517 1645 949 608 47.36388888888889
2.472361809045226 5.597989949748744 0.44165170556552963 1645 1114 492 29.919444444444448
4.291457286432161 3.3115577889447234 1.2959028831562975 1645 659 854 70.15277777777779
1.0753768844221105 8.442211055276381 0.1273809523809524 1645 1680 214 10.610218253968254
2.7738693467336684 5.63819095477387 0.4919786096256684 1645 1122 552 33.49156746031746
2.5979899497487438 6.386934673366834 0.4067663257277734 1645 1271 517 16.738227513227514
2.658291457286432 5.266331658291457 0.5047709923664122 1645 1048 529 37.1656746031746
2.170854271356784 5.678391959798995 0.3823008849557522 1645 1130 432 33.16220238095238
2.577889447236181 5.110552763819095 0.504424778761062 1645 1017 513 29.255555555555556
1.64321608040201 6.899497487437186 0.2381646030589949 1660 1373 327 16.459623015873014
2.763819095477387 4.809045226130653 0.574712643678161 1660 957 550 35.322023809523806
3.9547738693467336 4.125628140703518 0.958587088915956 1660 821 787 58.15833333333333
2.4271356783919598 5.819095477386934 0.41709844559585496 1660 1158 483 19.732142857142858
2.7236180904522613 4.743718592964824 0.5741525423728814 1660 944 542 29.64027777777778
2.0603015075376883 6.507537688442211 0.3166023166023166 1660 1295 410 16.117857142857144
2.527638190954774 6.025125628140704 0.4195162635529608 1660 1199 503 30.812566137566137
2.271356783919598 6.4623115577889445 0.35147744945567655 1660 1286 452 18.662698412698415
2.9899497487437188 4.577889447236181 0.6531284302963776 1660 911 595 41.166666666666664
2.020100502512563 6.437185929648241 0.31381733021077285 1660 1281 402 26.50208333333333
3.1457286432160805 3.899497487437186 0.8067010309278351 1660 776 626 47.9625
3.2562814070351758 4.376884422110553 0.7439724454649826 1660 871 648 49.10119047619048
2.809045226130653 4.010050251256281 0.7005012531328321 1660 798 559 41.3361111111111
2.0050251256281406 6.336683417085427 0.3164155432196669 1660 1261 399 25.03204365079365
3.4522613065326633 4.28643216080402 0.8053927315357561 1660 853 687 43.42103174603175
3.0653266331658293 4.8793969849246235 0.6282183316168898 1660 971 610 28.622222222222224
2.7939698492462313 5.71356783919598 0.48900615655233076 1660 1137 556 30.532638888888886
1.8944723618090453 6.211055276381909 0.3050161812297735 1660 1236 377 20.837301587301585
1.8090452261306533 6.522613065326633 0.27734976887519264 1660 1298 360 21.650198412698412
2.814070351758794 4.924623115577889 0.5714285714285715 1660 980 560 29.92638888888889
3.236180904522613 5.276381909547739 0.6133333333333333 1675 1050 644 35.19305555555555
3.07035175879397 5.592964824120603 0.5489667565139263 1675 1113 611 37.63670634920636
3.180904522613065 4.221105527638191 0.7535714285714286 1675 840 633 27.958333333333332
2.7839195979899496 4.698492462311558 0.5925133689839572 1675 935 554 26.25
2.07035175879397 7.085427135678392 0.29219858156028367 1675 1410 412 16.59484126984127
3.135678391959799 5.085427135678392 0.6166007905138339 1675 1012 624 19.382870370370373
2.728643216080402 6.2462311557788945 0.4368463395012067 1675 1243 543 24.35648148148148
2.8743718592964824 4.613065326633166 0.6230936819172114 1675 918 572 26.96428571428571
2.0954773869346734 6.778894472361809 0.3091178650852483 1675 1349 417 20.958730158730155
1.7889447236180904 7.276381909547739 0.2458563535911602 1675 1448 356 13.985119047619046
2.814070351758794 5.50251256281407 0.5114155251141553 1675 1095 560 27.32638888888889
2.5678391959798996 5.849246231155779 0.43900343642611683 1675 1164 511 19.411706349206348
2.6381909547738696 4.346733668341709 0.6069364161849712 1675 865 525 26.83267195767196
3.040201005025126 4.748743718592965 0.6402116402116402 1675 945 605 35.63988095238095
2.8743718592964824 5.301507537688442 0.5421800947867299 1675 1055 572 17.584027777777777
1.9899497487437185 6.71356783919598 0.2964071856287425 1675 1336 396 14.782142857142857
2.6733668341708543 5.2462311557788945 0.5095785440613027 1675 1044 532 23.804761904761904
2.0150753768844223 5.080402010050252 0.39663699307616224 1675 1011 401 24.06398809523809
3.3115577889447234 4.819095477386934 0.6871741397288843 1675 959 659 42.424305555555556
3.1608040201005023 4.582914572864322 0.6896929824561403 1675 912 629 40.677083333333336
3.5175879396984926 3.8241206030150754 0.9198423127463864 1690 761 700 48.78819444444445
2.6180904522613067 5.78391959798995 0.4526498696785404 1690 1151 521 22.191468253968253
1.9396984924623115 7.130653266331659 0.27202255109231854 1690 1419 386 12.666468253968254
3.2964824120603016 3.819095477386935 0.8631578947368421 1690 760 656 51.65277777777778
2.5879396984924625 5.135678391959799 0.5039138943248532 1690 1022 515 32.913789682539694
3.020100502512563 4.748743718592965 0.635978835978836 1690 945 601 22.15138888888889
2.6884422110552766 5.773869346733668 0.46562228024369023 1690 1149 535 20.810879629629632
2.3768844221105527 5.618090452261306 0.4230769230769231 1690 1118 473 24.01875
2.819095477386935 5.668341708542713 0.49734042553191493 1690 1128 561 27.014880952380953
2.351758793969849 6.5879396984924625 0.3569794050343249 1690 1311 468 26.920238095238094
3.6884422110552766 3.693467336683417 0.998639455782313 1690 735 734 48.656944444444456
2.5678391959798996 5.758793969849246 0.44589877835951136 1690 1146 511 19.36031746031746
2.7688442211055277 4.482412060301508 0.6177130044843049 1690 892 551 34.098015873015875
2.7437185929648242 4.437185929648241 0.6183465458663646 1690 883 546 29.200396825396826
2.658291457286432 5.542713567839196 0.47960108794197637 1690 1103 529 20.14702380952381
2.0452261306532664 6.663316582914573 0.30693815987933637 1690 1326 407 20.331746031746032
3.472361809045226 3.0351758793969847 1.1440397350993379 1690 604 691 58.97222222222221
3.829145728643216 4.311557788944723 0.8881118881118881 1690 858 762 55.652314814814815
2.8542713567839195 5.64321608040201 0.5057880676758681 1690 1123 568 31.38611111111111
2.7437185929648242 5.311557788944723 0.5165562913907286 1690 1057 546 27.6547619047619
3.201005025125628 4.331658291457287 0.7389791183294663 1705 862 637 50.75833333333333
3.07035175879397 5.231155778894473 0.5869356388088376 1705 1041 611 24.293055555555554
2.8391959798994977 4.824120603015075 0.5885416666666667 1705 960 565 33.76130952380952
2.9748743718592965 3.457286432160804 0.8604651162790699 1705 688 592 25.680555555555557
2.7437185929648242 5.748743718592965 0.4772727272727273 1705 1144 546 34.7513888888889
1.8944723618090453 7.201005025125628 0.2630844382414515 1705 1433 377 18.508597883597883
3.1105527638190953 5.437185929648241 0.5720887245841034 1705 1082 619 36.16865079365079
2.979899497487437 5.030150753768845 0.5924075924075923 1705 1001 593 34.64652777777778
3.9145728643216082 2.663316582914573 1.469811320754717 1705 530 779 65.45833333333333
3.3165829145728645 3.969849246231156 0.8354430379746836 1705 790 660 44.09791666666666
2.4522613065326633 6.71859296482412 0.3649962602842184 1705 1337 488 16.55138888888889
3.613065326633166 3.8442211055276383 0.9398692810457516 1705 765 719 51.23194444444445
2.4673366834170856 5.206030150753769 0.473938223938224 1705 1036 491 24.359126984126984
3.2060301507537687 3.9396984924623117 0.8137755102040816 1705 784 638 47.09861111111112
2.28643216080402 6.226130653266332 0.36723163841807904 1705 1239 455 13.988888888888889
2.5175879396984926 6.1457286432160805 0.40964840556009813 1705 1223 501 23.885912698412696
3.4824120603015074 4.336683417085427 0.8030127462340672 1705 863 693 38.01904761904762
2.829145728643216 4.5879396984924625 0.6166484118291347 1705 913 563 27.963888888888892
2.1055276381909547 5.447236180904523 0.3865313653136531 1705 1084 419 23.52996031746032
2.6884422110552766 6.49748743718593 0.4137664346481052 1705 1293 535 15.518749999999999
2.050251256281407 6.522613065326633 0.31432973805855163 1755 1298 408 16.558862433862434
2.648241206030151 5.633165829145729 0.4701159678858162 1755 1121 527 20.290343915343914
2.2814070351758793 6.693467336683417 0.3408408408408408 1755 1332 454 28.884424603174605
1.3819095477386936 7.894472361809045 0.17504774029280715 1755 1571 275 17.393849206349206
1.879396984924623 6.63819095477387 0.2831188493565481 1755 1321 374 16.790079365079368
2.7437185929648242 4.959798994974874 0.5531914893617021 1755 987 546 25.039186507936506
2.472361809045226 6.351758793969849 0.38924050632911394 1755 1264 492 20.431018518518517
2.0603015075376883 6.85929648241206 0.30036630036630035 1755 1365 410 27.282837301587303
1.9195979899497488 6.924623115577889 0.2772133526850508 1755 1378 382 21.86160714285714
3.1557788944723617 5.562814070351759 0.5672990063233966 1755 1107 628 39.6433201058201
3.407035175879397 4.78391959798995 0.7121848739495797 1755 952 678 47.52380952380952
1.7236180904522613 7.321608040201005 0.2354152367879204 1755 1457 343 16.08561507936508
1.5628140703517588 7.939698492462312 0.19683544303797468 1755 1580 311 12.594246031746033
2.2562814070351758 6.301507537688442 0.35805422647527907 1755 1254 449 30.357142857142858
2.7386934673366836 5.974874371859296 0.4583683767872162 1755 1189 545 18.54285714285714
3.3668341708542715 4.592964824120603 0.7330415754923414 1755 914 670 49.25
3.592964824120603 4.080402010050252 0.8805418719211823 1755 812 715 43.07837301587301
1.9949748743718594 7.115577889447236 0.2803672316384181 1755 1416 397 17.298412698412694
2.7889447236180906 5.185929648241206 0.5377906976744187 1755 1032 555 30.53968253968254
2.693467336683417 5.708542713567839 0.471830985915493 1755 1136 536 22.212500000000002
2.7386934673366836 5.668341708542713 0.4831560283687944 1770 1128 545 38.36349206349207
2.100502512562814 6.839195979899498 0.3071271124173402 1770 1361 418 21.493253968253967
2.7437185929648242 3.236180904522613 0.8478260869565218 1770 644 546 33.625
3.28643216080402 5.211055276381909 0.630665380906461 1770 1037 654 48.11597222222222
2.6331658291457285 6.1206030150753765 0.43021346469622335 1770 1218 524 27.72526455026455
2.613065326633166 6.0201005025125625 0.43405676126878134 1770 1198 520 19.76875
3.2763819095477387 5.1457286432160805 0.63671875 1770 1024 652 34.393750000000004
2.809045226130653 5.311557788944723 0.5288552507095553 1770 1057 559 31.09623015873016
3.391959798994975 3.85929648241206 0.8789062500000001 1770 768 675 53.135416666666664
0.7487437185929648 9.487437185929648 0.07891949152542373 1770 1888 149 6.921626984126983
2.5376884422110555 6.8040201005025125 0.3729689807976367 1770 1354 505 22.60244708994709
2.2311557788944723 6.819095477386934 0.3271923360353721 1770 1357 444 16.474603174603175
1.9095477386934674 6.422110552763819 0.297339593114241 1770 1278 380 17.984325396825394
1.829145728643216 7.658291457286432 0.23884514435695536 1770 1524 364 14.475727513227513
2.2160804020100504 7.180904522613066 0.3086074177746676 1770 1429 441 15.504265873015873
2.8442211055276383 4.5125628140703515 0.6302895322939867 1770 898 566 31.742460317460313
2.5326633165829144 6.5879396984924625 0.38443935926773454 1770 1311 504 29.519444444444446
3.0050251256281406 5.160804020100502 0.5822784810126582 1770 1027 598 30.12202380952381
1.7336683417085428 8.236180904522612 0.2104942037827944 1770 1639 345 9.651289682539682
2.6532663316582914 5.738693467336684 0.4623467600700525 1770 1142 528 25.92430555555556
2.3969849246231156 6.5376884422110555 0.36664104534973097 1785 1301 477 16.846329365079363
2.7889447236180906 5.582914572864322 0.49954995499549953 1785 1111 555 27.213194444444444
3.336683417085427 3.407035175879397 0.9793510324483775 1785 678 664 54.177777777777784
2.9748743718592965 5.150753768844221 0.577560975609756 1785 1025 592 28.08670634920635
2.3266331658291457 5.763819095477387 0.4036617262423714 1785 1147 463 21.616997354497354
2.090452261306533 7.030150753768845 0.2973552537526805 1785 1399 416 19.763392857142858
3.3819095477386933 4.557788944723618 0.7420066152149944 1785 907 673 41.64722222222222
2.698492462311558 6.105527638190955 0.4419753086419753 1785 1215 537 32.638888888888886
2.7889447236180906 6.175879396984925 0.451586655817738 1785 1229 555 23.837662337662337
3.4824120603015074 4.668341708542713 0.7459634015069968 1785 929 693 39.85846560846561
3.1557788944723617 5.889447236180905 0.5358361774744027 1785 1172 628 29.91944444444444
2.135678391959799 5.291457286432161 0.4036087369420702 1785 1053 425 27.312896825396823
2.758793969849246 6.477386934673367 0.42591155934833197 1785 1289 549 29.934722222222224
2.778894472361809 4.582914572864322 0.6063596491228069 1785 912 553 29.447916666666668
1.7989949748743719 7.346733668341709 0.2448700410396717 1785 1462 358 16.820833333333333
2.4623115577889445 6.894472361809045 0.3571428571428571 1785 1372 490 15.905952380952384
2.9246231155778895 5.4874371859296485 0.532967032967033 1785 1092 582 24.81990740740741
2.849246231155779 5.306532663316583 0.5369318181818182 1785 1056 567 22.80952380952381
1.949748743718593 7.326633165829146 0.2661179698216735 1785 1458 388 24.870039682539684
2.1959798994974875 7.648241206030151 0.2871222076215506 1785 1522 437 13.495568783068784
1.728643216080402 7.21608040201005 0.2395543175487465 1800 1436 344 15.249206349206348
1.7738693467336684 8.035175879396984 0.22076297686053786 1800 1599 353 13.218287037037037
1.7185929648241205 7.231155778894473 0.2376650451702571 1800 1439 342 19.881746031746033
1.9949748743718594 5.366834170854271 0.3717228464419476 1800 1068 397 23.576091269841267
3.3668341708542715 4.266331658291457 0.7891637220259129 1800 849 670 47.37708333333333
2.748743718592965 5.964824120603015 0.4608256107834878 1800 1187 547 29.72738095238095
2.2562814070351758 6.814070351758794 0.33112094395280234 1800 1356 449 28.361541005291002
2.6231155778894473 6.150753768844221 0.4264705882352941 1800 1224 522 24.030753968253972
2.92964824120603 4.185929648241206 0.6998799519807922 1800 833 583 32.67916666666666
2.728643216080402 5.819095477386934 0.4689119170984456 1800 1158 543 33.14335317460318
1.6532663316582914 7.527638190954774 0.21962616822429903 1800 1498 329 19.217261904761905
2.899497487437186 5.35678391959799 0.5412757973733584 1800 1066 577 18.29563492063492
3.457286432160804 3.798994974874372 0.91005291005291 1800 756 688 45.09722222222223
2.8542713567839195 5.236180904522613 0.5451055662188099 1800 1042 568 25.51527777777778
2.949748743718593 5.4120603015075375 0.5450324976787373 1800 1077 587 25.144047619047615
2.6331658291457285 4.984924623115578 0.5282258064516129 1800 992 524 27.506944444444443
2.4120603015075375 5.763819095477387 0.4184829991281604 1800 1147 480 23.59801587301587
2.6331658291457285 5.296482412060302 0.4971537001897533 1800 1054 524 33.708333333333336
2.648241206030151 5.814070351758794 0.4554883318928263 1800 1157 527 34.89503968253968
2.0552763819095476 6.21608040201005 0.33063864187550523 1800 1237 409 21.83650793650794
2.090452261306533 6.723618090452261 0.31091180866965623 1815 1338 416 20.694146825396825
2.0 7.402010050251256 0.2701968771215207 1815 1473 398 18.987896825396827
1.5125628140703518 7.939698492462312 0.19050632911392404 1815 1580 301 13.695436507936508
2.708542713567839 6.547738693467337 0.4136607828089025 1815 1303 539 18.117824074074075
2.798994974874372 3.0050251256281406 0.931438127090301 1815 598 557 34.53472222222222
2.442211055276382 6.085427135678392 0.40132122213047067 1815 1211 486 28.1015873015873
3.271356783919598 4.376884422110553 0.7474167623421354 1815 871 651 45.31527777777779
2.562814070351759 6.653266331658291 0.3851963746223565 1815 1324 510 16.591137566137565
3.1457286432160805 6.180904522613066 0.5089430894308943 1815 1230 626 28.806250000000006
1.5175879396984924 8.507537688442211 0.17838157117542822 1815 1693 302 10.573710317460318
2.4623115577889445 4.422110552763819 0.5568181818181818 1815 880 490 34.452777777777776
2.0050251256281406 6.190954773869347 0.32386363636363635 1815 1232 399 19.619444444444444
2.201005025125628 7.185929648241206 0.3062937062937063 1815 1430 438 17.90648148148148
0.5728643216080402 9.78391959798995 0.058551617873651776 1815 1947 114 6.438988095238096
3.2613065326633164 4.0703517587939695 0.8012345679012346 1815 810 649 48.275
2.457286432160804 4.914572864321608 0.5 1815 978 489 25.947916666666668
0.949748743718593 9.195979899497488 0.10327868852459017 1815 1830 189 8.913492063492063
2.371859296482412 7.015075376884422 0.33810888252149 1815 1396 472 22.24503968253968
2.321608040201005 7.4623115577889445 0.3111111111111111 1815 1485 462 17.732539682539684
2.1959798994974875 6.1959798994974875 0.35442011354420117 1815 1233 437 21.008333333333333
2.708542713567839 4.618090452261306 0.5865070729053319 1830 919 539 36.31944444444445
1.814070351758794 7.733668341708543 0.2345679012345679 1830 1539 361 19.193849206349203
2.4020100502512562 4.557788944723618 0.5270121278941565 1830 907 478 33.28472222222222
2.0603015075376883 7.201005025125628 0.2861130495464061 1830 1433 410 15.483035714285714
2.8743718592964824 5.597989949748744 0.5134649910233393 1830 1114 572 31.633829365079364
2.1959798994974875 5.869346733668341 0.3741438356164384 1830 1168 437 24.477182539682534
3.4522613065326633 3.7236180904522613 0.9271255060728745 1830 741 687 37.475
2.341708542713568 5.155778894472362 0.4541910331384016 1830 1026 466 29.85132275132275
2.9648241206030153 4.261306532663316 0.6957547169811321 1830 848 590 31.974305555555556
2.492462311557789 6.50251256281407 0.3833075734157651 1830 1294 496 18.243353174603175
3.135678391959799 5.341708542713568 0.5870178739416745 1830 1063 624 41.44603174603175
2.1959798994974875 6.693467336683417 0.3280780780780781 1830 1332 437 24.642559523809524
2.185929648241206 7.36180904522613 0.29692832764505117 1830 1465 435 14.39285714285714
2.487437185929648 6.417085427135678 0.3876272513703994 1830 1277 495 18.813690476190477
2.5678391959798996 6.341708542713568 0.4049128367670365 1830 1262 511 18.566666666666666
2.1758793969849246 7.130653266331659 0.3051444679351656 1830 1419 433 14.111805555555556
1.964824120603015 7.688442211055277 0.25555555555555554 1830 1530 391 21.99811507936508
2.4673366834170856 5.949748743718593 0.41469594594594594 1830 1184 491 22.73611111111111
1.9597989949748744 7.763819095477387 0.2524271844660194 1830 1545 390 12.275132275132274
2.798994974874372 6.025125628140704 0.46455379482902415 1830 1199 557 40.51190476190476
2.6884422110552766 6.366834170854271 0.42225730071033946 1845 1267 535 15.36193783068783
2.7738693467336684 5.567839195979899 0.4981949458483755 1845 1108 552 28.411640211640215
2.979899497487437 5.793969849246231 0.5143104943625325 1845 1153 593 36.86607142857143
2.879396984924623 5.884422110552764 0.4893253629376601 1845 1171 573 23.974999999999998
3.5175879396984926 4.542713567839196 0.7743362831858407 1845 904 700 42.59060846560846
2.4472361809045227 6.874371859296482 0.35599415204678364 1845 1368 487 33.0953373015873
2.5527638190954773 4.64321608040201 0.5497835497835497 1845 924 508 27.041666666666668
1.964824120603015 7.899497487437186 0.24872773536895673 1845 1572 391 16.047619047619047
2.3115577889447234 6.954773869346734 0.33236994219653176 1845 1384 460 17.447619047619046
2.522613065326633 7.130653266331659 0.3537702607470049 1845 1419 502 27.462962962962965
2.5728643216080402 6.366834170854271 0.40410418310970797 1845 1267 512 32.78670634920635
1.849246231155779 7.562814070351759 0.24451827242524918 1845 1505 368 18.775099206349207
2.527638190954774 5.914572864321608 0.42735768903993204 1845 1177 503 34.816964285714285
2.221105527638191 5.989949748743719 0.37080536912751677 1845 1192 442 25.781250000000004
2.0150753768844223 6.814070351758794 0.2957227138643068 1845 1356 401 19.166765873015876
3.728643216080402 4.090452261306533 0.9115479115479115 1845 814 742 51.700297619047625
3.522613065326633 2.7236180904522613 1.2933579335793357 1845 542 701 58.44444444444445
3.271356783919598 5.025125628140704 0.6509999999999999 1845 1000 651 41.14791666666667
2.8391959798994977 5.964824120603015 0.47598989048020224 1845 1187 565 31.408697089947093
3.251256281407035 4.080402010050252 0.7967980295566501 1845 812 647 49.62222222222223
2.7889447236180906 6.271356783919598 0.44471153846153855 1860 1248 555 25.612037037037037
2.648241206030151 6.452261306532663 0.4104361370716511 1860 1284 527 17.4875
3.2663316582914574 4.763819095477387 0.6856540084388186 1860 948 650 41.67777777777778
3.2110552763819094 4.844221105527638 0.6628630705394191 1860 964 639 29.462962962962962
2.7336683417085426 6.075376884422111 0.4499586435070305 1860 1209 544 16.497718253968255
2.6030150753768844 5.49748743718593 0.4734917733089579 1860 1094 518 28.479960317460314
3.0251256281407035 5.36180904522613 0.5641986879100281 1860 1067 602 30.935185185185187
1.9195979899497488 7.5376884422110555 0.25466666666666665 1860 1500 382 17.84295634920635
2.693467336683417 6.939698492462312 0.388124547429399 1860 1381 536 21.38521825396825
2.663316582914573 6.256281407035176 0.42570281124497994 1860 1245 530 28.5650462962963
2.9145728643216082 5.703517587939698 0.5110132158590309 1860 1135 580 31.370833333333334
2.291457286432161 7.301507537688442 0.31383344803854096 1860 1453 456 29.47172619047619
3.3467336683417086 4.57286432160804 0.7318681318681319 1860 910 666 42.64513888888889
2.577889447236181 6.8793969849246235 0.3747260774287801 1860 1369 513 18.159060846560845
2.809045226130653 5.884422110552764 0.47736976942783943 1860 1171 559 17.87228835978836
2.0753768844221105 6.793969849246231 0.30547337278106507 1860 1352 413 22.03888888888889
3.185929648241206 5.673366834170854 0.5615589016829052 1860 1129 634 32.18270502645503
3.180904522613065 5.8040201005025125 0.548051948051948 1860 1155 633 18.82314814814815
2.85929648241206 5.326633165829146 0.5367924528301886 1860 1060 569 32.350462962962965
2.28643216080402 6.798994974874372 0.33628972653362893 1860 1353 455 29.919146825396822
3.1658291457286434 4.959798994974874 0.6382978723404256 1875 987 630 38.62777777777777
2.899497487437186 5.939698492462312 0.48815566835871405 1875 1182 577 38.27430555555555
2.0351758793969847 7.653266331658291 0.2659225213394616 1875 1523 405 13.492162698412699
3.100502512562814 5.793969849246231 0.5351257588898526 1875 1153 617 35.37817460317461
2.814070351758794 5.969849246231155 0.47138047138047146 1875 1188 560 26.353968253968258
3.1658291457286434 5.597989949748744 0.5655296229802513 1875 1114 630 23.723148148148145
2.2110552763819094 7.21608040201005 0.3064066852367688 1875 1436 440 16.83564814814815
2.5728643216080402 6.241206030150754 0.41223832528180354 1875 1242 512 16.789550264550265
2.9045226130653266 4.969849246231155 0.5844287158746209 1875 989 578 29.023809523809522
1.0904522613065326 9.020100502512562 0.12089136490250696 1875 1795 217 10.52688492063492
2.0100502512562812 8.030150753768844 0.2503128911138924 1875 1598 400 13.375066137566137
3.728643216080402 3.100502512562814 1.2025931928687197 1875 617 742 58.354166666666664
3.2763819095477387 4.994974874371859 0.6559356136820925 1875 994 652 39.74100529100529
3.613065326633166 5.090452261306533 0.7097729516288253 1875 1013 719 37.90555555555555
3.442211055276382 4.050251256281407 0.8498759305210919 1875 806 685 34.291666666666664
3.0552763819095476 4.331658291457287 0.7053364269141531 1875 862 608 35.22222222222222
2.979899497487437 4.180904522613066 0.7127403846153846 1875 832 593 25.18541666666667
3.3668341708542715 5.1206030150753765 0.6575073601570167 1875 1019 670 33.998511904761905
3.3668341708542715 4.8542713567839195 0.6935817805383023 1875 966 670 34.10972222222222
3.7688442211055277 4.844221105527638 0.7780082987551867 1875 964 750 48.93333333333334
2.6180904522613067 6.834170854271357 0.3830882352941177 1890 1360 521 18.751984126984127
2.542713567839196 6.135678391959799 0.4144144144144144 1890 1221 506 25.229761904761904
3.472361809045226 4.924623115577889 0.7051020408163265 1890 980 691 41.18958333333333
3.100502512562814 5.366834170854271 0.5777153558052435 1890 1068 617 32.95674603174603
3.130653266331658 4.613065326633166 0.6786492374727668 1890 918 623 42.756944444444436
3.4472361809045227 4.135678391959799 0.8335358444714459 1890 823 686 47.96875
2.9949748743718594 6.236180904522613 0.4802578565672844 1890 1241 596 25.83015873015873
3.8442211055276383 5.085427135678392 0.7559288537549407 1890 1012 765 48.65644841269841
3.3969849246231156 4.834170854271357 0.7027027027027026 1890 962 676 36.99027777777778
2.557788944723618 6.773869346733668 0.3775964391691395 1890 1348 509 28.829166666666666
3.020100502512563 5.814070351758794 0.519446845289542 1890 1157 601 35.080555555555556
3.4120603015075375 4.291457286432161 0.7950819672131146 1890 854 679 45.46666666666667
3.7688442211055277 4.1206030150753765 0.9146341463414636 1890 820 750 43.697916666666664
2.170854271356784 7.472361809045226 0.29051782111634167 1890 1487 432 24.762896825396826
2.9246231155778895 6.055276381909548 0.4829875518672199 1890 1205 582 22.378174603174603
1.984924623115578 7.366834170854271 0.2694406548431105 1890 1466 395 23.289484126984124
3.2160804020100504 5.386934673366834 0.5970149253731344 1890 1072 640 19.085185185185185
2.492462311557789 6.28643216080402 0.3964828137490008 1890 1251 496 16.531250000000004
3.190954773869347 4.9045226130653266 0.6506147540983607 1890 976 635 29.123611111111106
2.5829145728643215 5.748743718592965 0.44930069930069927 1890 1144 514 26.533630952380957
