0.3869346733668342 5.9296482412060305 0.06525423728813559 1200 1180 77 11.4375
0.5728643216080402 5.371859296482412 0.1066417212347989 1200 1069 114 29.318055555555556
0.36683417085427134 6.366834170854271 0.05761641673243883 1200 1267 73 10.65
0.271356783919598 6.341708542713568 0.042789223454833596 1200 1262 54 8.372222222222222
0.1306532663316583 6.743718592964824 0.019374068554396426 1200 1342 26 3.7152777777777772
0.7688442211055276 4.42713567839196 0.17366628830874006 1200 881 153 36.425
0.914572864321608 3.949748743718593 0.23155216284987276 1200 786 182 42.96805555555556
0.47738693467336685 5.366834170854271 0.08895131086142323 1200 1068 95 25.455555555555552
0.457286432160804 5.869346733668341 0.0779109589041096 1200 1168 91 15.100000000000001
0.7135678391959799 5.100502512562814 0.1399014778325123 1200 1015 142 33.50138888888889
0.22110552763819097 6.592964824120603 0.03353658536585366 1200 1312 44 4.716666666666666
0.5527638190954773 5.562814070351759 0.09936766034327009 1200 1107 110 22.809722222222224
0.1658291457286432 6.628140703517588 0.025018953752843062 1200 1319 33 3.818055555555556
0.36683417085427134 6.035175879396985 0.06078268109908409 1200 1201 73 14.122222222222222
0.45226130653266333 5.703517587939698 0.07929515418502203 1200 1135 90 20.175
0.4321608040201005 5.894472361809045 0.0733162830349531 1200 1173 86 19.5125
0.1507537688442211 6.678391959798995 0.02257336343115124 1200 1329 30 3.790277777777778
0.2613065326633166 6.391959798994975 0.04088050314465409 1200 1272 52 10.25
0.35175879396984927 5.296482412060302 0.06641366223908919 1200 1054 70 20.530555555555555
0.48743718592964824 5.371859296482412 0.09073900841908326 1200 1069 97 19.954166666666666
0.5778894472361809 5.291457286432161 0.10921177587844254 1215 1053 115 28.46388888888889
0.3015075376884422 6.432160804020101 0.04687499999999999 1215 1280 60 8.841666666666667
0.4271356783919598 5.809045226130653 0.07352941176470588 1215 1156 85 19.197222222222223
0.4723618090452261 5.728643216080402 0.08245614035087719 1215 1140 94 17.883333333333333
0.8894472361809045 3.9145728643216082 0.22721437740693196 1215 779 177 39.31388888888889
0.5025125628140703 5.562814070351759 0.09033423667570009 1215 1107 100 16.71388888888889
0.3768844221105528 6.326633165829146 0.059571088165210485 1215 1259 75 9.906944444444443
0.3869346733668342 6.376884422110553 0.06067769897557131 1215 1269 77 11.943055555555555
0.7989949748743719 4.306532663316583 0.1855309218203034 1215 857 159 36.69444444444444
0.32663316582914576 6.261306532663316 0.05216693418940611 1215 1246 65 12.931944444444445
0.48743718592964824 5.64321608040201 0.08637577916295637 1215 1123 97 17.865277777777774
0.7688442211055276 4.668341708542713 0.16469321851453175 1215 929 153 30.633333333333336
0.4824120603015075 6.1457286432160805 0.0784955028618152 1215 1223 96 13.270833333333334
0.44221105527638194 6.045226130653266 0.07315045719035744 1215 1203 88 15.958333333333334
0.7738693467336684 4.78391959798995 0.16176470588235295 1215 952 154 32.43611111111111
0.5979899497487438 5.050251256281407 0.11840796019900499 1215 1005 119 28.906944444444445
0.5477386934673367 5.85929648241206 0.09348198970840481 1215 1166 109 18.57638888888889
0.4321608040201005 5.884422110552764 0.07344150298889837 1215 1171 86 18.01111111111111
0.15577889447236182 6.728643216080402 0.02315160567587752 1215 1339 31 3.9625
0.20100502512562815 6.798994974874372 0.029563932002956393 1215 1353 40 3.8874999999999997
0.5829145728643216 5.42713567839196 0.1074074074074074 1230 1080 116 27.240277777777777
0.5879396984924623 5.8040201005025125 0.1012987012987013 1230 1155 117 21.572222222222223
0.7185929648241206 4.63819095477387 0.15492957746478872 1230 923 143 28.6125
0.7085427135678392 5.296482412060302 0.1337760910815939 1230 1054 141 26.193055555555556
0.8391959798994975 4.849246231155779 0.17305699481865283 1230 965 167 42.30277777777778
0.5276381909547738 5.542713567839196 0.09519492293744333 1230 1103 105 18.69305555555556
0.20100502512562815 6.819095477386934 0.02947678703021371 1230 1357 40 4.384722222222222
0.5628140703517588 5.758793969849246 0.09773123909249563 1230 1146 112 21.275
0.5025125628140703 5.989949748743719 0.08389261744966442 1230 1192 100 16.616666666666667
0.949748743718593 3.9447236180904524 0.24076433121019108 1230 785 189 39.394444444444446
0.22613065326633167 6.798994974874372 0.03325942350332595 1230 1353 45 5.009722222222222
0.4020100502512563 6.562814070351759 0.06125574272588056 1230 1306 80 9.744444444444444
0.6683417085427136 5.442211055276382 0.12280701754385964 1230 1083 133 23.370833333333334
0.7788944723618091 4.814070351758794 0.1617954070981211 1230 958 155 35.50138888888889
0.864321608040201 3.909547738693467 0.2210796915167095 1230 778 172 38.83888888888889
0.45226130653266333 5.934673366834171 0.07620660457239627 1230 1181 90 17.645833333333332
0.4020100502512563 6.457286432160804 0.0622568093385214 1230 1285 80 11.840277777777777
0.44221105527638194 6.316582914572864 0.0700079554494829 1230 1257 88 14.455555555555556
0.48743718592964824 5.969849246231155 0.08164983164983165 1230 1188 97 16.168055555555558
0.35678391959798994 6.597989949748744 0.05407463823305407 1230 1313 71 9.89722222222222
0.3869346733668342 5.9296482412060305 0.06525423728813559 1245 1180 77 17.963888888888892
0.6381909547738693 5.688442211055277 0.11219081272084805 1245 1132 127 19.607142857142858
0.5829145728643216 5.819095477386934 0.1001727115716753 1245 1158 116 23.134722222222223
0.5477386934673367 5.452261306532663 0.10046082949308757 1245 1085 109 25.604166666666668
0.7286432160804021 5.206030150753769 0.13996138996139 1245 1036 145 33.827777777777776
0.2663316582914573 6.768844221105527 0.03934669636228656 1245 1347 53 5.593055555555556
0.33668341708542715 6.552763819095477 0.05138036809815951 1245 1304 67 9.019444444444444
0.47738693467336685 5.924623115577889 0.08057675996607296 1245 1179 95 17.579166666666666
0.5376884422110553 5.090452261306533 0.10562685093780849 1245 1013 107 29.727777777777778
0.8241206030150754 4.763819095477387 0.17299578059071732 1245 948 164 33.706944444444446
0.5025125628140703 5.78391959798995 0.08688097306689833 1245 1151 100 17.37638888888889
0.7135678391959799 4.7537688442211055 0.15010570824524314 1245 946 142 30.405555555555555
0.6482412060301508 5.316582914572864 0.12192816635160682 1245 1058 129 27.55
0.542713567839196 5.844221105527638 0.09286328460877043 1245 1163 108 20.6875
0.6231155778894473 5.542713567839196 0.11242067089755213 1245 1103 124 27.16111111111111
0.4723618090452261 5.944723618090452 0.07945900253592561 1245 1183 94 18.07638888888889
0.6482412060301508 5.788944723618091 0.11197916666666667 1245 1152 129 17.491666666666667
0.7889447236180904 4.763819095477387 0.16561181434599156 1245 948 157 34.2125
0.7035175879396985 5.35678391959799 0.13133208255159476 1245 1066 140 24.608333333333334
0.5226130653266332 5.9045226130653266 0.08851063829787235 1245 1175 104 15.497222222222222
0.5628140703517588 5.50251256281407 0.10228310502283106 1260 1095 112 23.299999999999997
0.3768844221105528 6.160804020100502 0.06117455138662317 1260 1226 75 12.983333333333333
0.4221105527638191 5.959798994974874 0.07082630691399663 1260 1186 84 17.861111111111107
0.7185929648241206 5.376884422110553 0.1336448598130841 1260 1070 143 33.06527777777779
0.7638190954773869 5.206030150753769 0.14671814671814673 1260 1036 152 32.106944444444444
0.49246231155778897 6.201005025125628 0.07941653160453808 1260 1234 98 15.77361111111111
0.4824120603015075 6.266331658291457 0.07698476343223737 1260 1247 96 15.436111111111112
0.22613065326633167 6.974874371859296 0.032420749279538905 1260 1388 45 4.886111111111111
0.678391959798995 5.256281407035176 0.12906309751434036 1260 1046 135 25.104166666666668
0.4120603015075377 6.030150753768845 0.06833333333333333 1260 1200 82 16.231944444444444
0.5628140703517588 5.974874371859296 0.0941968040370059 1260 1189 112 19.712500000000002
0.5678391959798995 5.824120603015075 0.09749784296807594 1260 1159 113 18.376388888888886
0.9698492462311558 4.321608040201005 0.2244186046511628 1260 860 193 43.694444444444436
0.5728643216080402 5.492462311557789 0.10430009149130832 1260 1093 114 26.305555555555557
0.8291457286432161 4.814070351758794 0.1722338204592902 1260 958 165 37.40694444444445
0.5025125628140703 5.959798994974874 0.08431703204047217 1260 1186 100 17.927777777777774
0.8341708542713567 4.989949748743719 0.1671701913393756 1260 993 166 34.38333333333334
0.5125628140703518 5.989949748743719 0.08557046979865772 1260 1192 102 21.25138888888889
0.4321608040201005 6.35678391959799 0.06798418972332015 1260 1265 86 14.826388888888888
0.542713567839196 5.9296482412060305 0.09152542372881356 1260 1180 108 20.315277777777776
0.5477386934673367 6.115577889447236 0.08956450287592442 1275 1217 109 17.07222222222222
0.678391959798995 5.42713567839196 0.125 1275 1080 135 29.427777777777777
0.6934673366834171 5.57286432160804 0.12443642921550947 1275 1109 138 27.349999999999998
0.6532663316582915 5.015075376884422 0.1302605210420842 1275 998 130 30.3
0.7286432160804021 5.4120603015075375 0.13463324048282266 1275 1077 145 34.47222222222222
0.7487437185929648 4.633165829145729 0.1616052060737527 1275 922 149 27.32777777777778
0.6381909547738693 6.150753768844221 0.10375816993464052 1275 1224 127 16.17222222222222
0.5577889447236181 5.5879396984924625 0.09982014388489208 1275 1112 111 22.95277777777778
0.49246231155778897 5.517587939698492 0.08925318761384336 1275 1098 98 17.55694444444444
0.678391959798995 5.331658291457287 0.12723845428840716 1275 1061 135 29.606944444444448
0.5477386934673367 6.316582914572864 0.08671439936356405 1275 1257 109 12.784722222222221
0.24120603015075376 6.984924623115578 0.034532374100719423 1275 1390 48 4.833333333333333
0.2613065326633166 7.050251256281407 0.03706343549536707 1275 1403 52 4.5249999999999995
0.7939698492462312 5.71356783919598 0.13896218117854003 1275 1137 158 30.306944444444444
0.40703517587939697 6.874371859296482 0.05921052631578948 1275 1368 81 7.8625
0.5728643216080402 6.060301507537688 0.09452736318407962 1275 1206 114 16.152777777777775
0.6231155778894473 5.693467336683417 0.10944395410414828 1275 1133 124 22.776388888888892
0.21105527638190955 6.869346733668341 0.030724213606437456 1275 1367 42 5.013888888888888
0.5326633165829145 5.849246231155779 0.09106529209621993 1275 1164 106 16.72222222222222
0.5025125628140703 5.8040201005025125 0.08658008658008658 1275 1155 100 17.7125
0.7487437185929648 5.201005025125628 0.14396135265700483 1290 1035 149 31.972222222222225
0.8090452261306532 5.241206030150754 0.15436241610738255 1290 1043 161 31.725000000000005
0.37185929648241206 6.733668341708543 0.05522388059701492 1290 1340 74 10.174999999999999
0.7638190954773869 5.015075376884422 0.1523046092184369 1290 998 152 31.849999999999998
0.5879396984924623 5.773869346733668 0.10182767624020889 1290 1149 117 21.925
0.47738693467336685 6.125628140703518 0.07793273174733388 1290 1219 95 17.804166666666667
1.050251256281407 4.346733668341709 0.24161849710982658 1290 865 209 54.70972222222222
0.4221105527638191 6.402010050251256 0.06593406593406594 1290 1274 84 13.394444444444444
0.49246231155778897 5.8291457286432165 0.08448275862068966 1290 1160 98 17.8625
0.41708542713567837 6.532663316582915 0.06384615384615384 1290 1300 83 12.259722222222223
0.5477386934673367 6.447236180904523 0.08495713172252534 1290 1283 109 15.177777777777777
0.5376884422110553 6.160804020100502 0.08727569331158239 1290 1226 107 18.845833333333335
0.592964824120603 5.798994974874372 0.1022530329289428 1290 1154 118 23.102777777777778
0.7135678391959799 5.773869346733668 0.123585726718886 1290 1149 142 23.904166666666665
0.5326633165829145 6.125628140703518 0.08695652173913042 1290 1219 106 21.144246031746032
0.7738693467336684 5.738693467336684 0.13485113835376533 1290 1142 154 21.644444444444446
0.7185929648241206 5.346733668341709 0.1343984962406015 1290 1064 143 25.52638888888889
0.3316582914572864 6.8542713567839195 0.04838709677419355 1290 1364 66 6.73888888888889
0.8040201005025126 5.125628140703518 0.1568627450980392 1290 1020 160 28.13055555555556
0.8693467336683417 5.0201005025125625 0.17317317317317318 1290 999 173 38.97142857142857
1.1055276381909547 4.055276381909548 0.2726146220570012 1305 807 220 48.74444444444445
0.9849246231155779 4.492462311557789 0.21923937360178972 1305 894 196 35.70694444444444
0.7587939698492462 5.914572864321608 0.12829226847918437 1305 1177 151 22.790277777777778
0.5728643216080402 5.190954773869347 0.11035818005808326 1305 1033 114 28.680555555555557
0.9798994974874372 4.437185929648241 0.22083805209513024 1305 883 195 43.22083333333333
0.8743718592964824 4.251256281407035 0.20567375886524822 1305 846 174 45.72222222222222
0.6683417085427136 5.844221105527638 0.11435941530524506 1305 1163 133 22.968055555555555
0.7939698492462312 5.36180904522613 0.14807872539831304 1305 1067 158 29.533333333333335
0.8040201005025126 4.648241206030151 0.17297297297297298 1305 925 160 40.52638888888889
0.5477386934673367 5.864321608040201 0.09340188517566411 1305 1167 109 22.393055555555552
1.0402010050251256 4.507537688442211 0.23076923076923075 1305 897 207 45.57083333333333
0.592964824120603 6.331658291457287 0.09365079365079365 1305 1260 118 15.95357142857143
1.0452261306532664 4.527638190954774 0.23085460599334073 1305 901 208 38.297222222222224
0.9346733668341709 4.472361809045226 0.20898876404494385 1305 890 186 44.500793650793646
0.7386934673366834 4.391959798994975 0.16819221967963385 1305 874 147 36.98472222222222
0.8994974874371859 4.773869346733668 0.18842105263157896 1305 950 179 34.90416666666666
0.9547738693467337 4.447236180904523 0.21468926553672316 1305 885 190 46.02222222222223
0.9095477386934674 5.090452261306533 0.17867719644619942 1305 1013 181 32.95972222222222
0.864321608040201 4.422110552763819 0.19545454545454546 1305 880 172 44.705555555555556
0.4723618090452261 6.954773869346734 0.06791907514450866 1305 1384 94 7.213888888888889
0.8542713567839196 5.457286432160804 0.1565377532228361 1320 1086 170 32.28888888888889
0.7638190954773869 5.608040201005025 0.13620071684587814 1320 1116 152 26.24166666666667
0.32160804020100503 7.0703517587939695 0.04548685145700072 1320 1407 64 6.099999999999999
0.8341708542713567 4.040201005025126 0.20646766169154226 1320 804 166 45.16388888888889
0.6834170854271356 5.351758793969849 0.12769953051643193 1320 1065 136 23.601388888888888
0.6984924623115578 5.351758793969849 0.13051643192488263 1320 1065 139 24.823809523809526
0.8994974874371859 4.763819095477387 0.18881856540084388 1320 948 179 36.9
0.6130653266331658 5.768844221105527 0.10627177700348432 1320 1148 122 22.07777777777778
0.8793969849246231 5.010050251256281 0.17552657973921768 1320 997 175 32.295833333333334
0.5577889447236181 6.291457286432161 0.08865814696485623 1320 1252 111 17.558531746031743
0.6381909547738693 5.708542713567839 0.11179577464788733 1320 1136 127 21.102777777777778
0.9698492462311558 4.914572864321608 0.19734151329243355 1320 978 193 39.18888888888889
1.0904522613065326 4.256281407035176 0.256198347107438 1320 847 217 55.32222222222222
0.6331658291457286 4.130653266331659 0.1532846715328467 1320 822 126 31.349404761904754
0.5829145728643216 6.21608040201005 0.09377526273241714 1320 1237 116 20.2375
0.8793969849246231 5.1959798994974875 0.16924564796905223 1320 1034 175 28.263888888888886
0.6080402010050251 6.075376884422111 0.10008271298593878 1320 1209 121 19.20277777777778
0.6834170854271356 5.331658291457287 0.12818096135721016 1320 1061 136 24.527777777777775
0.6683417085427136 5.723618090452261 0.11676909569798069 1320 1139 133 23.222222222222225
0.8442211055276382 4.648241206030151 0.18162162162162163 1320 925 168 34.92916666666667
1.07035175879397 4.1206030150753765 0.2597560975609757 1335 820 213 58.326388888888886
0.7487437185929648 6.180904522613066 0.12113821138211382 1335 1230 149 20.897222222222222
0.6030150753768844 6.1457286432160805 0.098119378577269 1335 1223 120 15.751388888888888
1.0804020100502512 3.7688442211055277 0.2866666666666666 1335 750 215 55.94861111111111
0.9849246231155779 4.773869346733668 0.20631578947368423 1335 950 196 39.670833333333334
0.9296482412060302 5.1206030150753765 0.18155053974484792 1335 1019 185 32.76250000000001
0.5829145728643216 5.954773869346734 0.09789029535864978 1335 1185 116 18.222222222222225
0.6934673366834171 4.969849246231155 0.13953488372093023 1335 989 138 30.57222222222222
1.020100502512563 4.211055276381909 0.24224343675417664 1335 838 203 56.729166666666664
0.8793969849246231 5.301507537688442 0.16587677725118485 1335 1055 175 37.17916666666667
0.8391959798994975 4.919597989949748 0.17058222676200205 1335 979 167 32.08333333333333
0.9447236180904522 5.346733668341709 0.17669172932330826 1335 1064 188 33.12361111111111
0.949748743718593 4.49748743718593 0.2111731843575419 1335 895 189 37.791666666666664
0.9095477386934674 5.241206030150754 0.17353787152444872 1335 1043 181 35.53055555555556
0.8944723618090452 4.748743718592965 0.18835978835978837 1335 945 178 32.477777777777774
0.6834170854271356 6.396984924623116 0.1068342498036135 1335 1273 136 16.772222222222222
0.914572864321608 4.477386934673367 0.20426487093153758 1335 891 182 45.87638888888889
0.7085427135678392 6.386934673366834 0.1109362706530291 1335 1271 141 18.722222222222225
0.6733668341708543 6.28643216080402 0.10711430855315747 1335 1251 134 14.819444444444445
0.6884422110552764 6.030150753768845 0.11416666666666665 1335 1200 137 21.34861111111111
0.6683417085427136 6.256281407035176 0.10682730923694779 1385 1245 133 24.396428571428572
0.9849246231155779 4.5376884422110555 0.21705426356589147 1385 903 196 41.3125
0.678391959798995 5.482412060301508 0.12373968835930339 1385 1091 135 26.888492063492066
0.7135678391959799 6.1206030150753765 0.11658456486042694 1385 1218 142 26.81527777777778
0.6432160804020101 6.36180904522613 0.10110584518167456 1385 1266 128 20.19087301587302
0.8190954773869347 5.150753768844221 0.15902439024390244 1385 1025 163 32.823214285714286
0.7688442211055276 6.311557788944723 0.12181528662420382 1385 1256 153 24.09583333333333
0.9095477386934674 5.075376884422111 0.1792079207920792 1385 1010 181 35.362500000000004
0.6582914572864321 5.839195979899498 0.112736660929432 1385 1162 131 26.99166666666667
0.7839195979899497 5.603015075376884 0.13991031390134528 1385 1115 156 24.444444444444443
0.6582914572864321 6.63819095477387 0.0991672975018925 1385 1321 131 22.318055555555556
0.7236180904522613 5.798994974874372 0.12478336221837089 1385 1154 144 24.79861111111111
0.5527638190954773 6.864321608040201 0.08052708638360176 1385 1366 110 16.17638888888889
0.6884422110552764 5.939698492462312 0.1159052453468697 1385 1182 137 12.66031746031746
0.628140703517588 5.4120603015075375 0.11606313834726092 1385 1077 125 32.852777777777774
0.7386934673366834 5.8040201005025125 0.12727272727272726 1385 1155 147 27.669444444444448
0.5477386934673367 6.155778894472362 0.0889795918367347 1385 1225 109 24.98611111111111
0.5276381909547738 7.437185929648241 0.07094594594594594 1385 1480 105 11.697222222222221
0.7788944723618091 6.010050251256281 0.12959866220735786 1385 1196 155 29.737301587301587
0.6834170854271356 5.025125628140704 0.13599999999999998 1385 1000 136 32.19027777777777
0.8894472361809045 5.296482412060302 0.16793168880455406 1400 1054 177 39.80277777777778
0.5829145728643216 6.939698492462312 0.08399710354815351 1400 1381 116 17.928968253968254
0.7336683417085427 5.63819095477387 0.1301247771836007 1400 1122 146 21.772222222222222
0.8090452261306532 5.819095477386934 0.13903281519861832 1400 1158 161 35.13531746031746
0.5678391959798995 6.959798994974874 0.08158844765342961 1400 1385 113 14.565079365079365
0.8894472361809045 5.085427135678392 0.17490118577075098 1400 1012 177 34.05694444444445
0.6482412060301508 7.035175879396985 0.09214285714285714 1400 1400 129 15.387499999999998
0.6180904522613065 6.1206030150753765 0.10098522167487685 1400 1218 123 27.933730158730157
0.7939698492462312 5.698492462311558 0.13932980599647266 1400 1134 158 26.619444444444444
0.7839195979899497 5.969849246231155 0.13131313131313133 1400 1188 156 30.686111111111114
1.020100502512563 4.14070351758794 0.24635922330097088 1400 824 203 61.05972222222223
0.9447236180904522 5.321608040201005 0.17752596789423986 1400 1059 188 31.65595238095238
1.0 5.075376884422111 0.197029702970297 1400 1010 199 36.43888888888889
0.6231155778894473 6.592964824120603 0.09451219512195122 1400 1312 124 20.808531746031747
0.7587939698492462 5.798994974874372 0.1308492201039861 1400 1154 151 25.980753968253968
0.7587939698492462 5.864321608040201 0.1293916023993145 1400 1167 151 28.03888888888889
1.1809045226130652 3.728643216080402 0.3167115902964959 1400 742 235 67.9236111111111
0.7035175879396985 6.321608040201005 0.11128775834658189 1400 1258 140 21.854960317460314
0.9246231155778895 5.266331658291457 0.17557251908396948 1400 1048 184 32.70297619047619
0.7537688442211056 6.527638190954774 0.11547344110854503 1400 1299 150 20.830555555555556
0.9246231155778895 5.0 0.1849246231155779 1415 995 184 35.68472222222223
0.6984924623115578 5.959798994974874 0.11720067453625634 1415 1186 139 23.09563492063492
1.0954773869346734 3.9145728643216082 0.2798459563543004 1415 779 218 42.6875
0.5326633165829145 7.306532663316583 0.07290233837689133 1415 1454 106 11.830952380952382
0.7537688442211056 6.422110552763819 0.11737089201877936 1415 1278 150 20.948611111111113
0.864321608040201 5.376884422110553 0.16074766355140185 1415 1070 172 42.98472222222222
0.7587939698492462 5.1708542713567835 0.1467444120505345 1415 1029 151 28.70833333333333
0.5577889447236181 6.809045226130653 0.08191881918819188 1415 1355 111 15.288690476190476
0.8291457286432161 5.331658291457287 0.15551366635249764 1415 1061 165 31.576388888888886
0.628140703517588 6.793969849246231 0.09245562130177515 1415 1352 125 15.584027777777777
0.7738693467336684 5.381909547738694 0.1437908496732026 1415 1071 154 42.213888888888896
0.6633165829145728 6.577889447236181 0.10084033613445377 1415 1309 132 15.4
0.8090452261306532 6.4874371859296485 0.12470952749806351 1415 1291 161 19.037499999999998
0.7688442211055276 5.738693467336684 0.1339754816112084 1415 1142 153 28.899603174603172
0.6834170854271356 6.391959798994975 0.10691823899371068 1415 1272 136 22.462698412698415
0.9195979899497487 5.080402010050252 0.1810089020771513 1415 1011 183 37.06666666666667
0.8492462311557789 4.814070351758794 0.17640918580375783 1415 958 169 38.268055555555556
0.8391959798994975 5.316582914572864 0.15784499054820417 1415 1058 167 35.888888888888886
0.7738693467336684 5.994974874371859 0.12908633696563285 1415 1193 154 27.86944444444444
0.9296482412060302 4.597989949748744 0.20218579234972678 1415 915 185 40.11527777777778
0.6683417085427136 6.608040201005025 0.10114068441064639 1430 1315 133 22.030555555555555
0.9246231155778895 5.472361809045226 0.16896235078053262 1430 1089 184 42.37777777777778
1.0804020100502512 4.21608040201005 0.25625744934445766 1430 839 215 54.276388888888896
0.8994974874371859 4.748743718592965 0.18941798941798943 1430 945 179 35.18194444444445
0.6934673366834171 6.366834170854271 0.10891870560378848 1430 1267 138 22.227777777777778
1.0402010050251256 5.010050251256281 0.20762286860581744 1430 997 207 41.77777777777778
1.020100502512563 4.266331658291457 0.2391048292108363 1430 849 203 56.96111111111111
0.9447236180904522 4.562814070351759 0.20704845814977973 1430 908 188 52.76726190476191
0.9296482412060302 4.85929648241206 0.19131334022750776 1430 967 185 38.18055555555555
0.9045226130653267 5.040201005025126 0.1794616151545364 1430 1003 180 39.519444444444446
0.5276381909547738 7.296482412060302 0.07231404958677685 1430 1452 105 12.841666666666669
1.100502512562814 3.4170854271356785 0.32205882352941173 1430 680 219 57.32638888888889
0.6733668341708543 5.9045226130653266 0.11404255319148937 1430 1175 134 28.770634920634922
0.6834170854271356 5.869346733668341 0.11643835616438356 1430 1168 136 22.042857142857144
1.065326633165829 5.0954773869346734 0.20907297830374752 1430 1014 212 36.93611111111111
0.7587939698492462 6.703517587939698 0.11319340329835081 1430 1334 151 19.08055555555556
0.7989949748743719 5.402010050251256 0.14790697674418604 1430 1075 159 30.402777777777782
0.7738693467336684 5.276381909547739 0.14666666666666667 1430 1050 154 26.71785714285714
0.7889447236180904 6.005025125628141 0.13138075313807532 1430 1195 157 27.4890873015873
0.8844221105527639 4.64321608040201 0.1904761904761905 1430 924 176 32.71944444444444
0.678391959798995 7.165829145728643 0.09467040673211782 1445 1426 135 16.14543650793651
0.7236180904522613 6.793969849246231 0.10650887573964497 1445 1352 144 22.438888888888894
0.9396984924623115 5.482412060301508 0.17140238313473877 1445 1091 187 32.38472222222222
0.7386934673366834 6.743718592964824 0.10953800298062592 1445 1342 147 19.05595238095238
1.1256281407035176 4.165829145728643 0.27020506634499397 1445 829 224 42.266666666666666
0.8994974874371859 5.567839195979899 0.16155234657039713 1445 1108 179 32.94583333333333
0.9246231155778895 4.874371859296482 0.18969072164948456 1445 970 184 33.37896825396825
0.8743718592964824 6.221105527638191 0.14054927302100162 1445 1238 174 25.023611111111112
1.0301507537688441 4.924623115577889 0.20918367346938777 1445 980 205 37.59623015873016
1.0452261306532664 5.040201005025126 0.2073778664007976 1445 1003 208 37.97857142857143
0.7135678391959799 5.366834170854271 0.13295880149812733 1445 1068 142 33.695238095238096
1.0100502512562815 4.4623115577889445 0.22635135135135137 1445 888 201 40.86111111111111
1.1256281407035176 4.467336683417085 0.25196850393700787 1445 889 224 50.112500000000004
0.9296482412060302 4.9296482412060305 0.18858307849133538 1445 981 185 37.163888888888884
0.9246231155778895 4.889447236180905 0.18910585817060638 1445 973 184 39.19801587301587
0.8391959798994975 6.527638190954774 0.1285604311008468 1445 1299 167 22.929563492063494
0.5678391959798995 5.703517587939698 0.09955947136563877 1445 1135 113 29.652777777777775
0.7638190954773869 6.110552763819095 0.125 1445 1216 152 28.30416666666667
0.8844221105527639 5.743718592964824 0.15398075240594927 1445 1143 176 28.74980158730159
0.7236180904522613 5.768844221105527 0.12543554006968644 1445 1148 144 28.415674603174605
0.8844221105527639 3.6231155778894473 0.24410540915395285 1460 721 176 42.647222222222226
0.7537688442211056 6.758793969849246 0.11152416356877325 1460 1345 150 23.62777777777778
1.0251256281407035 4.321608040201005 0.2372093023255814 1460 860 204 51.02777777777778
0.9849246231155779 5.125628140703518 0.19215686274509802 1460 1020 196 34.75833333333333
0.7587939698492462 5.924623115577889 0.1280746395250212 1460 1179 151 27.542063492063495
0.8090452261306532 5.743718592964824 0.14085739282589674 1460 1143 161 38.35873015873016
0.6080402010050251 6.100502512562814 0.09967051070840197 1460 1214 121 21.24702380952381
0.8391959798994975 4.4874371859296485 0.18701007838745798 1460 893 167 41.25555555555556
1.0100502512562815 5.015075376884422 0.20140280561122245 1460 998 201 43.669444444444444
1.020100502512563 4.768844221105527 0.21390937829293996 1460 949 203 34.1140873015873
0.9246231155778895 4.628140703517588 0.19978284473398478 1460 921 184 49.51250000000001
0.964824120603015 5.728643216080402 0.16842105263157892 1460 1140 192 29.848611111111115
1.0 5.080402010050252 0.19683481701285854 1460 1011 199 30.337499999999995
0.8391959798994975 6.155778894472362 0.1363265306122449 1460 1225 167 25.746825396825397
0.8442211055276382 4.939698492462312 0.17090539165818922 1460 983 168 42.22777777777778
0.542713567839196 7.738693467336684 0.07012987012987013 1460 1540 108 8.47420634920635
0.8190954773869347 6.035175879396985 0.1357202331390508 1460 1201 163 23.22380952380952
0.5376884422110553 7.4623115577889445 0.07205387205387205 1460 1485 107 12.873015873015873
0.9095477386934674 5.814070351758794 0.15643906655142611 1460 1157 181 25.624801587301587
0.7738693467336684 6.78391959798995 0.11407407407407408 1460 1350 154 18.635119047619046
1.015075376884422 5.336683417085427 0.1902071563088512 1475 1062 202 36.95972222222222
0.8140703517587939 6.100502512562814 0.13344316309719934 1475 1214 162 24.16130952380952
0.7437185929648241 6.271356783919598 0.1185897435897436 1475 1248 148 27.311507936507937
0.9949748743718593 5.251256281407035 0.18947368421052632 1475 1045 198 33.032738095238095
1.0050251256281406 5.21608040201005 0.1926782273603083 1475 1038 200 42.650198412698415
0.7939698492462312 5.71859296482412 0.13884007029876977 1475 1138 158 23.73015873015873
0.9949748743718593 5.065326633165829 0.19642857142857142 1475 1008 198 42.69047619047618
0.5527638190954773 7.597989949748744 0.07275132275132275 1475 1512 110 10.21468253968254
0.7236180904522613 6.763819095477387 0.10698365527488857 1475 1346 144 22.042063492063495
0.8442211055276382 4.592964824120603 0.1838074398249453 1475 914 168 28.650000000000002
0.9949748743718593 5.0703517587939695 0.1962338949454906 1475 1009 198 34.63055555555555
0.9396984924623115 5.5376884422110555 0.16969147005444646 1475 1102 187 37.70972222222222
0.8592964824120602 5.768844221105527 0.1489547038327526 1475 1148 171 31.86626984126984
1.0301507537688441 4.633165829145729 0.22234273318872014 1475 922 205 49.28194444444444
0.7135678391959799 6.78391959798995 0.10518518518518517 1475 1350 142 19.724801587301588
0.6683417085427136 7.005025125628141 0.09540889526542325 1475 1394 133 19.384027777777778
0.9195979899497487 4.63819095477387 0.19826652221018418 1475 923 183 31.36904761904762
0.5477386934673367 7.21608040201005 0.07590529247910864 1475 1436 109 16.08888888888889
1.0753768844221105 5.100502512562814 0.21083743842364533 1475 1015 214 37.19166666666667
0.7989949748743719 6.778894472361809 0.1178650852483321 1475 1349 159 21.220833333333335
1.0452261306532664 4.778894472361809 0.21871713985278654 1490 951 208 38.92777777777778
0.8994974874371859 6.010050251256281 0.1496655518394649 1490 1196 179 31.4375
1.185929648241206 3.7185929648241207 0.31891891891891894 1490 740 236 65.10416666666667
0.7587939698492462 5.376884422110553 0.14112149532710277 1490 1070 151 21.37797619047619
0.8693467336683417 6.4120603015075375 0.13557993730407525 1490 1276 173 28.259722222222223
0.8994974874371859 5.522613065326633 0.1628753412192903 1490 1099 179 33.984523809523814
0.9296482412060302 5.688442211055277 0.16342756183745583 1490 1132 185 31.67361111111111
1.1758793969849246 4.201005025125628 0.2799043062200957 1490 836 234 57.543055555555554
0.8944723618090452 6.221105527638191 0.14378029079159935 1490 1238 178 31.03293650793651
0.8894472361809045 5.688442211055277 0.15636042402826855 1490 1132 177 31.051984126984127
0.6482412060301508 7.567839195979899 0.0856573705179283 1490 1506 129 13.109920634920634
0.9246231155778895 5.492462311557789 0.16834400731930466 1490 1093 184 30.64484126984127
1.035175879396985 4.276381909547739 0.24206815511163335 1490 851 206 54.48888888888889
0.8492462311557789 5.743718592964824 0.14785651793525809 1490 1143 169 40.40138888888889
0.8844221105527639 5.402010050251256 0.16372093023255815 1490 1075 176 34.35734126984127
0.964824120603015 5.603015075376884 0.17219730941704034 1490 1115 192 34.52916666666667
1.1758793969849246 5.0954773869346734 0.23076923076923075 1490 1014 234 55.88472222222222
1.0402010050251256 5.809045226130653 0.17906574394463667 1490 1156 207 34.60277777777778
0.8442211055276382 5.050251256281407 0.16716417910447762 1490 1005 168 35.20734126984127
1.065326633165829 4.969849246231155 0.21435793731041455 1490 989 212 36.18055555555555
1.1407035175879396 3.969849246231156 0.2873417721518987 1505 790 227 61.68611111111111
1.0552763819095476 4.015075376884422 0.26282853566958697 1505 799 210 42.128571428571426
1.120603015075377 2.879396984924623 0.3891797556719023 1505 573 223 54.15277777777778
0.9447236180904522 5.236180904522613 0.1804222648752399 1505 1042 188 31.649404761904762
1.0050251256281406 4.603015075376884 0.21834061135371177 1505 916 200 54.06388888888889
1.0 4.738693467336684 0.2110286320254507 1505 943 199 35.53333333333333
1.035175879396985 5.135678391959799 0.20156555772994128 1505 1022 206 37.93611111111111
0.8944723618090452 6.190954773869347 0.1444805194805195 1505 1232 178 23.950992063492063
1.0904522613065326 4.447236180904523 0.24519774011299433 1505 885 217 51.64861111111111
1.0954773869346734 5.030150753768845 0.2177822177822178 1505 1001 218 37.9
0.9597989949748744 5.5376884422110555 0.1733212341197822 1505 1102 191 43.34444444444444
0.8743718592964824 6.402010050251256 0.13657770800627944 1505 1274 174 25.620833333333334
0.9095477386934674 5.663316582914573 0.160603371783496 1505 1127 181 32.282341269841275
0.9899497487437185 4.9296482412060305 0.200815494393476 1505 981 197 41.08174603174603
1.07035175879397 3.3316582914572863 0.3212669683257919 1505 663 213 42.204166666666666
0.914572864321608 5.824120603015075 0.15703192407247626 1505 1159 182 36.20357142857143
0.8743718592964824 6.251256281407035 0.13987138263665594 1505 1244 174 29.17579365079365
0.9447236180904522 6.005025125628141 0.15732217573221757 1505 1195 188 27.927777777777777
0.8793969849246231 6.688442211055277 0.13148009015777612 1505 1331 175 25.734325396825398
1.0402010050251256 5.1708542713567835 0.2011661807580175 1505 1029 207 41.96944444444444
0.8492462311557789 5.989949748743719 0.1417785234899329 1520 1192 169 27.16170634920635
1.050251256281407 5.492462311557789 0.19121683440073192 1520 1093 209 35.11805555555555
0.8743718592964824 6.206030150753769 0.1408906882591093 1520 1235 174 24.62777777777778
0.9698492462311558 5.030150753768845 0.1928071928071928 1520 1001 193 45.29365079365079
0.9346733668341709 6.42713567839196 0.145426114151681 1520 1279 186 22.84563492063492
1.0402010050251256 4.381909547738694 0.2373853211009174 1520 872 207 34.541666666666664
0.964824120603015 5.819095477386934 0.16580310880829016 1520 1158 192 30.81805555555555
0.7939698492462312 5.944723618090452 0.13355874894336434 1520 1183 158 23.04126984126984
1.07035175879397 4.934673366834171 0.21690427698574338 1520 982 213 41.19166666666667
0.9849246231155779 4.788944723618091 0.2056663168940189 1520 953 196 35.24305555555556
1.185929648241206 4.0201005025125625 0.29500000000000004 1520 800 236 50.47777777777778
0.9396984924623115 5.507537688442211 0.17062043795620438 1520 1096 187 29.749206349206347
1.1306532663316582 4.321608040201005 0.2616279069767442 1520 860 225 40.94861111111111
1.0603015075376885 5.57286432160804 0.19026149684400362 1520 1109 211 35.470436507936505
1.0452261306532664 4.326633165829146 0.24157955865272937 1520 861 208 45.73611111111111
1.1407035175879396 5.180904522613066 0.22017458777885546 1520 1031 227 44.00992063492063
1.1306532663316582 5.582914572864322 0.2025202520252025 1520 1111 225 32.46388888888889
1.0251256281407035 5.321608040201005 0.1926345609065156 1520 1059 204 34.83273809523809
0.9698492462311558 5.125628140703518 0.1892156862745098 1520 1020 193 46.31746031746031
0.8492462311557789 4.517587939698492 0.18798665183537266 1520 899 169 44.571626984126986
1.0552763819095476 5.698492462311558 0.18518518518518517 1570 1134 210 36.362500000000004
1.050251256281407 5.894472361809045 0.17817561807331628 1570 1173 209 33.03055555555556
0.9346733668341709 6.110552763819095 0.1529605263157895 1570 1216 186 29.48194444444444
0.8894472361809045 5.894472361809045 0.15089514066496162 1570 1173 177 33.62638888888889
0.8743718592964824 6.402010050251256 0.13657770800627944 1570 1274 174 25.254761904761907
0.9798994974874372 4.728643216080402 0.20722635494155153 1570 941 195 52.12142857142857
0.7788944723618091 6.819095477386934 0.11422254974207813 1570 1357 155 20.673015873015874
1.015075376884422 5.703517587939698 0.17797356828193833 1570 1135 202 37.02896825396825
0.9597989949748744 5.909547738693467 0.16241496598639457 1570 1176 191 29.064682539682536
0.7688442211055276 6.045226130653266 0.12718204488778054 1570 1203 153 33.64295634920635
0.8542713567839196 6.899497487437186 0.12381646030589949 1570 1373 170 21.01656746031746
1.0050251256281406 5.798994974874372 0.17331022530329288 1570 1154 200 31.843055555555555
1.100502512562814 4.175879396984925 0.2635379061371841 1570 831 219 45.013888888888886
0.8341708542713567 7.040201005025126 0.11848679514632404 1570 1401 166 22.10099206349207
1.2060301507537687 4.869346733668341 0.2476780185758514 1570 969 240 43.91011904761905
1.07035175879397 5.949748743718593 0.17989864864864866 1570 1184 213 28.38075396825397
1.120603015075377 4.668341708542713 0.24004305705059206 1570 929 223 48.48194444444445
0.8090452261306532 7.115577889447236 0.1137005649717514 1570 1416 161 24.5234126984127
0.9949748743718593 4.1959798994974875 0.237125748502994 1570 835 198 47.73333333333333
1.0552763819095476 3.778894472361809 0.27925531914893614 1570 752 210 38.80138888888889
0.964824120603015 5.819095477386934 0.16580310880829016 1585 1158 192 35.00793650793651
1.0552763819095476 4.417085427135678 0.23890784982935154 1585 879 210 49.26111111111112
0.964824120603015 6.276381909547739 0.15372297838270615 1585 1249 192 29.690972222222218
0.9346733668341709 5.206030150753769 0.17953667953667954 1585 1036 186 34.077777777777776
1.0 6.50251256281407 0.1537867078825348 1585 1294 199 32.329166666666666
0.8944723618090452 5.658291457286432 0.15808170515097691 1585 1126 178 35.534325396825395
0.9698492462311558 5.396984924623116 0.17970204841713222 1585 1074 193 35.29880952380952
0.6482412060301508 7.457286432160804 0.08692722371967655 1585 1484 129 17.307539682539684
1.0050251256281406 7.231155778894473 0.1389854065323141 1585 1439 200 23.513095238095236
1.035175879396985 5.36180904522613 0.19306466729147143 1585 1067 206 36.38392857142858
0.9346733668341709 4.608040201005025 0.202835332606325 1585 917 186 39.458333333333336
0.9246231155778895 7.683417085427136 0.12034009156311314 1585 1529 184 16.446031746031746
1.0402010050251256 4.899497487437186 0.2123076923076923 1585 975 207 41.300000000000004
1.150753768844221 4.8793969849246235 0.23583934088568484 1585 971 229 46.44166666666666
0.914572864321608 5.934673366834171 0.15410668924640133 1585 1181 182 32.82857142857143
0.9246231155778895 6.597989949748744 0.14013709063214014 1585 1313 184 28.067063492063493
1.085427135678392 4.557788944723618 0.23814773980154358 1585 907 216 44.24444444444444
0.8693467336683417 6.63819095477387 0.13096139288417866 1585 1321 173 26.351190476190478
1.1758793969849246 4.618090452261306 0.2546245919477693 1585 919 234 51.34861111111112
1.050251256281407 5.221105527638191 0.20115495668912417 1585 1039 209 44.90416666666667
0.9296482412060302 7.688442211055277 0.12091503267973856 1600 1530 185 15.509722222222223
1.1155778894472361 5.522613065326633 0.20200181983621474 1600 1099 222 38.47480158730159
0.9045226130653267 5.582914572864322 0.162016201620162 1600 1111 180 33.99305555555556
1.0050251256281406 6.42713567839196 0.15637216575449567 1600 1279 200 23.647023809523812
0.9547738693467337 5.211055276381909 0.1832208293153327 1600 1037 190 32.57698412698412
1.0452261306532664 5.648241206030151 0.18505338078291816 1600 1124 208 38.00476190476191
0.9798994974874372 4.959798994974874 0.19756838905775076 1600 987 195 39.93194444444445
0.8894472361809045 6.422110552763819 0.13849765258215962 1600 1278 177 24.88948412698413
1.150753768844221 4.663316582914573 0.24676724137931036 1600 928 229 51.61666666666667
1.085427135678392 6.115577889447236 0.17748562037797866 1600 1217 216 28.42222222222222
1.0100502512562815 5.386934673366834 0.1875 1600 1072 201 30.631944444444446
0.9346733668341709 6.346733668341709 0.1472684085510689 1600 1263 186 26.787400793650793
0.9597989949748744 6.180904522613066 0.15528455284552845 1600 1230 191 25.855952380952377
1.0804020100502512 5.567839195979899 0.19404332129963897 1600 1108 215 37.39583333333333
1.015075376884422 5.673366834170854 0.17891939769707707 1600 1129 202 33.26964285714286
1.0753768844221105 4.788944723618091 0.22455403987408185 1600 953 214 43.31388888888889
1.0251256281407035 6.1708542713567835 0.16612377850162868 1600 1228 204 33.53928571428572
1.0251256281407035 6.28140703517588 0.16319999999999998 1600 1250 204 36.390277777777776
1.020100502512563 6.50251256281407 0.15687789799072643 1600 1294 203 27.9702380952381
1.015075376884422 6.276381909547739 0.16172938350680544 1600 1249 202 27.917857142857144
1.150753768844221 4.944723618090452 0.23272357723577236 1615 984 229 43.467658730158725
1.1306532663316582 4.4623115577889445 0.25337837837837834 1615 888 225 56.90833333333333
1.035175879396985 5.743718592964824 0.18022747156605426 1615 1143 206 28.871031746031743
0.8793969849246231 5.577889447236181 0.15765765765765766 1615 1110 175 29.09523809523809
1.0603015075376885 4.542713567839196 0.2334070796460177 1615 904 211 40.643055555555556
1.0954773869346734 5.844221105527638 0.1874462596732588 1615 1163 218 33.35515873015873
1.1457286432160805 5.306532663316583 0.21590909090909094 1615 1056 228 46.140277777777776
1.0251256281407035 5.261306532663316 0.19484240687679083 1615 1047 204 35.69305555555555
1.1105527638190955 4.8291457286432165 0.22996878251821018 1615 961 221 44.96190476190477
1.2261306532663316 4.150753768844221 0.29539951573849876 1615 826 244 62.531944444444434
1.2261306532663316 4.080402010050252 0.3004926108374384 1615 812 244 47.04861111111111
1.0753768844221105 5.492462311557789 0.19579139981701738 1615 1093 214 34.5
1.0251256281407035 5.864321608040201 0.17480719794344474 1615 1167 204 35.13313492063492
0.9698492462311558 5.326633165829146 0.1820754716981132 1615 1060 193 42.401587301587305
1.150753768844221 5.055276381909548 0.2276341948310139 1615 1006 229 34.579166666666666
1.07035175879397 4.185929648241206 0.25570228091236497 1615 833 213 41.22222222222222
0.9597989949748744 5.442211055276382 0.17636195752539244 1615 1083 191 36.60337301587301
1.3467336683417086 3.577889447236181 0.3764044943820225 1615 712 268 60.35972222222222
1.065326633165829 5.407035175879397 0.1970260223048327 1615 1076 212 40.49444444444445
1.0904522613065326 5.115577889447236 0.2131630648330059 1615 1018 217 42.21527777777778
1.170854271356784 5.241206030150754 0.22339405560882072 1630 1043 233 41.669642857142854
1.100502512562814 3.6030150753768844 0.3054393305439331 1630 717 219 53.375
0.678391959798995 8.904522613065327 0.07618510158013544 1630 1772 135 7.1359126984126995
0.9597989949748744 6.1708542713567835 0.15553745928338764 1630 1228 191 34.832142857142856
0.7336683417085427 6.271356783919598 0.11698717948717949 1630 1248 146 27.456944444444446
0.8793969849246231 7.035175879396985 0.125 1630 1400 175 21.98313492063492
1.150753768844221 4.391959798994975 0.2620137299771167 1630 874 229 35.92916666666667
1.1306532663316582 4.633165829145729 0.24403470715835138 1630 922 225 49.82777777777778
1.185929648241206 4.969849246231155 0.2386248736097068 1630 989 236 43.36388888888889
0.9849246231155779 4.236180904522613 0.232502965599051 1630 843 196 44.84722222222222
1.085427135678392 5.517587939698492 0.19672131147540986 1630 1098 216 44.49583333333334
1.0904522613065326 5.185929648241206 0.21027131782945735 1630 1032 217 46.59027777777777
1.050251256281407 3.6231155778894473 0.289875173370319 1630 721 209 52.65972222222222
0.8341708542713567 6.582914572864322 0.1267175572519084 1630 1310 166 23.26230158730159
0.8994974874371859 7.743718592964824 0.11615833874107723 1630 1541 179 20.473809523809525
1.0402010050251256 6.432160804020101 0.16171875 1630 1280 207 30.838293650793645
1.020100502512563 5.0201005025125625 0.20320320320320323 1630 999 203 46.343650793650795
0.8442211055276382 6.71356783919598 0.12574850299401197 1630 1336 168 26.92936507936508
1.2160804020100502 4.994974874371859 0.24346076458752514 1630 994 242 52.487896825396824
0.9798994974874372 4.180904522613066 0.234375 1630 832 195 44.957341269841265
1.1608040201005025 5.045226130653266 0.2300796812749004 1645 1004 231 46.231944444444444
1.07035175879397 6.346733668341709 0.16864608076009502 1645 1263 213 28.580853174603174
0.8743718592964824 8.0 0.1092964824120603 1645 1592 174 15.576984126984128
1.0954773869346734 6.160804020100502 0.17781402936378468 1645 1226 218 32.827083333333334
0.8291457286432161 7.849246231155779 0.1056338028169014 1645 1562 165 16.92281746031746
1.0402010050251256 5.386934673366834 0.19309701492537312 1645 1072 207 49.54444444444445
0.9095477386934674 6.703517587939698 0.13568215892053975 1645 1334 181 30.526884920634917
1.1909547738693467 3.829145728643216 0.3110236220472441 1645 762 237 46.40972222222222
0.8944723618090452 6.658291457286432 0.13433962264150945 1645 1325 178 22.94404761904762
0.8793969849246231 7.1457286432160805 0.12306610407876231 1645 1422 175 21.184523809523807
1.035175879396985 7.2462311557788945 0.14285714285714285 1645 1442 206 23.419642857142858
1.07035175879397 4.422110552763819 0.2420454545454546 1645 880 213 44.583333333333336
1.0301507537688441 4.964824120603015 0.2074898785425101 1645 988 205 45.92757936507937
1.1256281407035176 4.914572864321608 0.22903885480572597 1645 978 224 41.26388888888889
1.1306532663316582 4.8291457286432165 0.23413111342351714 1645 961 225 44.56111111111111
0.949748743718593 5.924623115577889 0.1603053435114504 1645 1179 189 26.138293650793653
0.8492462311557789 6.8542713567839195 0.12390029325513197 1645 1364 169 29.123015873015873
1.0 6.030150753768845 0.16583333333333333 1645 1200 199 37.11964285714286
1.120603015075377 5.080402010050252 0.2205736894164194 1645 1011 223 49.673611111111114
0.964824120603015 6.331658291457287 0.15238095238095237 1645 1260 192 30.712499999999995
1.085427135678392 4.8793969849246235 0.22245108135942326 1660 971 216 36.023611111111116
1.1909547738693467 4.030150753768845 0.2955112219451371 1660 802 237 57.638888888888886
0.8743718592964824 5.271356783919598 0.16587225929456625 1660 1049 174 35.07440476190476
1.236180904522613 3.763819095477387 0.32843791722296395 1660 749 246 66.07083333333334
1.1608040201005025 4.653266331658291 0.24946004319654427 1660 926 231 41.74027777777778
1.2060301507537687 3.351758793969849 0.35982008995502246 1660 667 240 64.20416666666667
1.0 5.9296482412060305 0.16864406779661015 1660 1180 199 28.53293650793651
1.1055276381909547 6.437185929648241 0.17174082747853237 1660 1281 220 31.89900793650794
1.0804020100502512 6.180904522613066 0.17479674796747965 1660 1230 215 33.70555555555556
1.185929648241206 4.527638190954774 0.26193118756936734 1660 901 236 50.986111111111114
1.2261306532663316 4.738693467336684 0.25874867444326616 1660 943 244 50.400000000000006
1.135678391959799 4.030150753768845 0.2817955112219451 1660 802 226 48.81765873015873
1.015075376884422 6.688442211055277 0.1517655897821187 1660 1331 202 24.84880952380952
0.9849246231155779 5.331658291457287 0.18473138548539114 1660 1061 196 40.75992063492064
1.0452261306532664 5.1206030150753765 0.20412168792934252 1660 1019 208 38.39722222222222
0.9748743718592965 6.452261306532663 0.15109034267912771 1660 1284 194 28.274801587301592
1.0402010050251256 5.50251256281407 0.18904109589041096 1660 1095 207 38.5420634920635
1.256281407035176 4.939698492462312 0.254323499491353 1660 983 250 51.229166666666664
1.185929648241206 5.085427135678392 0.23320158102766797 1660 1012 236 55.68611111111111
1.0552763819095476 4.432160804020101 0.23809523809523805 1660 882 210 33.74583333333333
1.0251256281407035 3.592964824120603 0.2853146853146853 1675 715 204 56.73888888888889
1.1457286432160805 6.135678391959799 0.18673218673218675 1675 1221 228 33.13809523809524
1.170854271356784 6.381909547738694 0.18346456692913385 1675 1270 233 36.73293650793651
1.120603015075377 5.934673366834171 0.18882303132938189 1675 1181 223 38.00833333333333
1.065326633165829 5.798994974874372 0.18370883882149047 1675 1154 212 39.88809523809524
1.0100502512562815 4.798994974874372 0.2104712041884817 1675 955 201 44.663492063492065
1.0100502512562815 6.1206030150753765 0.16502463054187194 1675 1218 201 30.852579365079364
1.1055276381909547 4.552763819095477 0.24282560706401765 1675 906 220 36.96388888888889
1.1658291457286432 4.884422110552764 0.23868312757201643 1675 972 232 48.18055555555555
1.1105527638190955 3.4824120603015074 0.3189033189033189 1675 693 221 50.48809523809524
1.2110552763819096 4.422110552763819 0.2738636363636364 1675 880 241 61.56111111111111
1.1306532663316582 6.326633165829146 0.17871326449563144 1675 1259 225 37.97222222222222
1.3718592964824121 3.2763819095477387 0.4187116564417178 1675 652 273 47.87777777777779
1.1306532663316582 5.422110552763819 0.20852641334569044 1675 1079 225 34.854166666666664
1.015075376884422 5.71859296482412 0.17750439367311072 1675 1138 202 35.37083333333333
1.0 5.9296482412060305 0.16864406779661015 1675 1180 199 35.90674603174603
0.9195979899497487 6.150753768844221 0.14950980392156862 1675 1224 183 29.774404761904762
1.1758793969849246 4.71859296482412 0.24920127795527158 1675 939 234 48.33055555555555
1.1909547738693467 5.683417085427136 0.20954907161803712 1675 1131 237 39.375
1.0603015075376885 4.834170854271357 0.21933471933471932 1675 962 211 46.16041666666666
1.2613065326633166 4.758793969849246 0.26504751847940866 1690 947 251 40.59583333333333
1.1306532663316582 5.693467336683417 0.19858781994704322 1690 1133 225 37.763194444444444
1.100502512562814 5.989949748743719 0.1837248322147651 1690 1192 219 36.010218253968254
1.2311557788944723 5.36180904522613 0.2296157450796626 1690 1067 245 33.3811507936508
1.0301507537688441 6.839195979899498 0.15062454077883908 1690 1361 205 24.496031746031747
1.0251256281407035 5.251256281407035 0.1952153110047847 1690 1045 204 34.6031746031746
1.0804020100502512 3.306532663316583 0.32674772036474165 1690 658 215 42.737500000000004
1.0603015075376885 7.080402010050252 0.1497515968772179 1690 1409 211 24.105753968253968
1.0603015075376885 6.738693467336684 0.15734526472781507 1690 1341 211 27.525992063492065
0.9095477386934674 3.85929648241206 0.23567708333333337 1690 768 181 30.50198412698413
1.2110552763819096 4.402010050251256 0.2751141552511416 1690 876 241 41.94166666666667
1.185929648241206 2.5326633165829144 0.4682539682539683 1690 504 236 61.90277777777778
1.0402010050251256 5.321608040201005 0.1954674220963173 1690 1059 207 41.85019841269841
0.9698492462311558 7.708542713567839 0.1258148631029987 1690 1534 193 21.27420634920635
1.0251256281407035 6.035175879396985 0.16985845129059116 1690 1201 204 25.805158730158727
1.1557788944723617 4.919597989949748 0.23493360572012256 1690 979 230 46.875
1.1457286432160805 4.969849246231155 0.23053589484327608 1690 989 228 42.63888888888889
1.120603015075377 5.21608040201005 0.21483622350674375 1690 1038 223 54.922619047619044
1.221105527638191 5.708542713567839 0.21390845070422537 1690 1136 243 37.6279761904762
1.1105527638190955 5.231155778894473 0.21229586935638808 1690 1041 221 50.88710317460317
0.9949748743718593 4.798994974874372 0.20732984293193718 1705 955 198 44.41031746031746
1.07035175879397 5.959798994974874 0.17959527824620575 1705 1186 213 36.21230158730159
1.1256281407035176 6.266331658291457 0.17963111467522053 1705 1247 224 30.673412698412694
1.170854271356784 5.768844221105527 0.20296167247386762 1705 1148 233 41.12123015873016
1.085427135678392 6.201005025125628 0.17504051863857376 1705 1234 216 27.265476190476193
1.271356783919598 4.673366834170854 0.2720430107526882 1705 930 253 50.02361111111111
1.3165829145728642 5.798994974874372 0.2270363951473137 1705 1154 262 34.617063492063494
1.3015075376884422 4.316582914572864 0.30151338766006985 1705 859 259 55.015277777777776
1.2763819095477387 5.7537688442211055 0.22183406113537119 1705 1145 254 42.265277777777776
1.1155778894472361 6.562814070351759 0.16998468606431852 1705 1306 222 28.495039682539684
1.050251256281407 5.527638190954774 0.18999999999999997 1705 1100 209 34.638492063492066
1.2613065326633166 4.964824120603015 0.25404858299595146 1705 988 251 45.797222222222224
1.185929648241206 5.21608040201005 0.2273603082851638 1705 1038 236 43.4609126984127
1.3316582914572865 5.1457286432160805 0.2587890625 1705 1024 265 33.419642857142854
1.1909547738693467 5.522613065326633 0.2156505914467698 1705 1099 237 36.788888888888884
1.2060301507537687 5.050251256281407 0.2388059701492537 1705 1005 240 40.01170634920634
1.1608040201005025 4.728643216080402 0.24548352816153027 1705 941 231 36.294642857142854
1.150753768844221 3.608040201005025 0.318941504178273 1705 718 229 56.45277777777778
1.07035175879397 5.623115577889447 0.19034852546916892 1705 1119 213 34.72837301587302
1.0 7.135678391959799 0.14014084507042254 1705 1420 199 25.11964285714286
1.1457286432160805 4.743718592964824 0.24152542372881358 1755 944 228 47.78472222222223
1.1457286432160805 4.9798994974874375 0.23007063572149344 1755 991 228 43.21944444444444
1.0402010050251256 4.045226130653266 0.2571428571428571 1755 805 207 52.48888888888888
1.256281407035176 4.211055276381909 0.2983293556085919 1755 838 250 68.59166666666667
0.9798994974874372 5.984924623115578 0.163727959697733 1755 1191 195 40.57142857142858
0.9949748743718593 6.527638190954774 0.15242494226327943 1755 1299 198 37.92996031746032
1.07035175879397 6.025125628140704 0.17764804003336113 1755 1199 213 30.82440476190476
1.2110552763819096 4.618090452261306 0.2622415669205659 1755 919 241 54.01527777777778
1.1256281407035176 6.085427135678392 0.18497109826589594 1755 1211 224 31.62777777777778
1.0753768844221105 5.391959798994975 0.1994408201304753 1755 1073 214 41.249206349206354
1.2261306532663316 5.552763819095477 0.22081447963800904 1755 1105 244 35.71805555555556
1.0452261306532664 6.567839195979899 0.1591430757459832 1755 1307 208 32.0406746031746
1.1306532663316582 6.50251256281407 0.1738794435857805 1755 1294 225 33.245039682539684
1.0402010050251256 6.613065326633166 0.15729483282674772 1755 1316 207 29.17896825396826
1.150753768844221 4.577889447236181 0.2513721185510428 1755 911 229 49.63333333333333
1.1457286432160805 6.78391959798995 0.1688888888888889 1755 1350 228 27.188492063492063
0.9095477386934674 3.9396984924623117 0.2308673469387755 1755 784 181 46.354166666666664
1.050251256281407 6.839195979899498 0.1535635562086701 1755 1361 209 28.78154761904762
1.1055276381909547 7.030150753768845 0.15725518227305216 1755 1399 220 32.49265873015873
1.0753768844221105 5.9296482412060305 0.18135593220338983 1755 1180 214 30.192460317460316
1.271356783919598 2.6532663316582914 0.4791666666666667 1770 528 253 62.895833333333336
1.170854271356784 5.231155778894473 0.22382324687800192 1770 1041 233 43.92361111111111
1.0100502512562815 7.7537688442211055 0.13026571613739468 1770 1543 201 23.468055555555555
1.0753768844221105 5.844221105527638 0.18400687876182287 1770 1163 214 39.58452380952381
1.0050251256281406 6.4120603015075375 0.1567398119122257 1770 1276 200 32.269444444444446
0.9949748743718593 7.417085427135678 0.13414634146341464 1770 1476 198 24.076818783068777
1.150753768844221 4.336683417085427 0.2653534183082271 1770 863 229 50.30753968253968
0.9849246231155779 6.9296482412060305 0.14213197969543148 1770 1379 196 28.476984126984124
1.236180904522613 3.9447236180904524 0.31337579617834393 1770 785 246 55.80833333333334
1.2010050251256281 5.708542713567839 0.21038732394366197 1770 1136 239 37.86011904761905
1.065326633165829 7.346733668341709 0.14500683994528044 1770 1462 212 30.197321428571428
1.1758793969849246 5.668341708542713 0.20744680851063832 1770 1128 234 37.887499999999996
1.0452261306532664 5.366834170854271 0.19475655430711614 1770 1068 208 42.95079365079365
1.1557788944723617 5.326633165829146 0.21698113207547165 1770 1060 230 45.976686507936506
1.035175879396985 4.608040201005025 0.2246455834242094 1770 917 206 50.487896825396824
1.2311557788944723 4.633165829145729 0.2657266811279826 1770 922 245 49.31111111111111
1.2914572864321607 4.261306532663316 0.30306603773584906 1770 848 257 38.702777777777776
1.2160804020100502 5.592964824120603 0.2174303683737646 1770 1113 242 43.12400793650793
1.0753768844221105 4.266331658291457 0.25206124852767964 1770 849 214 44.43472222222223
1.1658291457286432 5.517587939698492 0.21129326047358835 1770 1098 232 35.71666666666666
1.2512562814070352 5.231155778894473 0.239193083573487 1785 1041 249 44.44761904761905
1.1959798994974875 5.030150753768845 0.23776223776223776 1785 1001 238 38.94583333333333
1.1457286432160805 5.28643216080402 0.21673003802281368 1785 1052 228 42.4234126984127
1.1256281407035176 5.668341708542713 0.19858156028368795 1785 1128 224 44.043055555555554
1.1055276381909547 4.85929648241206 0.22750775594622544 1785 967 220 34.91795634920634
1.2412060301507537 4.175879396984925 0.2972322503008423 1785 831 247 49.33888888888888
1.1809045226130652 4.793969849246231 0.2463312368972746 1785 954 235 44.37083333333334
1.150753768844221 3.979899497487437 0.28914141414141414 1785 792 229 47.53888888888889
1.0804020100502512 6.296482412060302 0.17158818834796485 1785 1253 215 35.229166666666664
1.1658291457286432 5.728643216080402 0.20350877192982453 1785 1140 232 35.269642857142856
1.2412060301507537 3.5527638190954773 0.3493635077793493 1785 707 247 55.349999999999994
1.1557788944723617 5.321608040201005 0.21718602455146363 1785 1059 230 32.522619047619045
1.1909547738693467 5.185929648241206 0.22965116279069764 1785 1032 237 38.29365079365079
1.2311557788944723 3.185929648241206 0.3864353312302839 1785 634 245 65.28472222222223
1.100502512562814 5.698492462311558 0.1931216931216931 1785 1134 219 47.78650793650794
1.1306532663316582 6.71356783919598 0.1684131736526946 1785 1336 225 35.23829365079366
1.2110552763819096 6.457286432160804 0.18754863813229572 1785 1285 241 31.01140873015873
1.0603015075376885 6.100502512562814 0.17380560131795716 1785 1214 211 44.80198412698413
1.1407035175879396 3.9145728643216082 0.29139922978177146 1785 779 227 48.96388888888888
0.9296482412060302 7.673366834170854 0.12115258677144729 1785 1527 185 24.181349206349207
1.0100502512562815 6.708542713567839 0.150561797752809 1800 1335 201 32.432539682539684
1.1658291457286432 5.206030150753769 0.22393822393822393 1800 1036 232 47.698313492063484
1.1608040201005025 5.040201005025126 0.23030907278165502 1800 1003 231 58.19246031746032
1.1055276381909547 4.477386934673367 0.24691358024691354 1800 891 220 42.93194444444445
1.1758793969849246 5.050251256281407 0.23283582089552238 1800 1005 234 39.8719246031746
1.1608040201005025 4.688442211055277 0.24758842443729903 1800 933 231 40.518055555555556
1.1055276381909547 4.402010050251256 0.2511415525114155 1800 876 220 49.05694444444445
1.035175879396985 6.010050251256281 0.1722408026755853 1800 1196 206 27.48809523809524
1.020100502512563 4.668341708542713 0.21851453175457486 1800 929 203 50.08611111111111
1.135678391959799 5.150753768844221 0.22048780487804878 1800 1025 226 36.988095238095234
1.1055276381909547 5.0703517587939695 0.2180376610505451 1800 1009 220 45.4593253968254
1.2160804020100502 4.949748743718593 0.24568527918781724 1800 985 242 44.34166666666667
1.050251256281407 6.105527638190955 0.1720164609053498 1800 1215 209 35.66130952380952
0.9849246231155779 7.005025125628141 0.14060258249641322 1800 1394 196 26.264583333333334
1.1407035175879396 4.834170854271357 0.23596673596673595 1800 962 227 46.0875
1.236180904522613 4.85929648241206 0.2543950361944157 1800 967 246 54.99166666666667
1.135678391959799 5.35678391959799 0.21200750469043153 1800 1066 226 43.2952380952381
1.2613065326633166 5.236180904522613 0.24088291746641075 1800 1042 251 38.37916666666667
1.2864321608040201 4.562814070351759 0.28193832599118945 1800 908 256 43.83948412698413
1.0753768844221105 5.0201005025125625 0.21421421421421422 1800 999 214 41.44305555555555
1.2763819095477387 5.090452261306533 0.25074037512339586 1815 1013 254 45.60833333333333
1.2110552763819096 3.050251256281407 0.3970345963756178 1815 607 241 35.80138888888889
1.1256281407035176 5.376884422110553 0.20934579439252335 1815 1070 224 45.257936507936506
1.221105527638191 5.025125628140704 0.243 1815 1000 243 54.25277777777777
1.1959798994974875 6.231155778894473 0.19193548387096773 1815 1240 238 29.37440476190476
1.1407035175879396 5.110552763819095 0.2232055063913471 1815 1017 227 38.80416666666667
1.1608040201005025 5.105527638190955 0.22736220472440946 1815 1016 231 42.57857142857143
1.0904522613065326 4.623115577889447 0.2358695652173913 1815 920 217 37.525396825396825
1.2412060301507537 5.14070351758794 0.24144672531769304 1815 1023 247 41.98115079365079
1.120603015075377 4.8040201005025125 0.23326359832635984 1815 956 223 43.98333333333333
1.0552763819095476 6.396984924623116 0.16496465043205025 1815 1273 210 28.248214285714283
1.2814070351758795 7.301507537688442 0.17549896765313147 1815 1453 255 32.131547619047616
1.2110552763819096 5.788944723618091 0.2092013888888889 1815 1152 241 33.93154761904762
1.020100502512563 4.9045226130653266 0.20799180327868855 1815 976 203 40.44305555555555
1.0954773869346734 4.226130653266332 0.25921521997621877 1815 841 218 37.205555555555556
1.2663316582914572 5.135678391959799 0.2465753424657534 1815 1022 252 44.898809523809526
1.2060301507537687 4.924623115577889 0.24489795918367346 1815 980 240 34.53055555555556
1.3015075376884422 5.015075376884422 0.2595190380761523 1815 998 259 50.28333333333333
1.2412060301507537 4.834170854271357 0.25675675675675674 1815 962 247 56.82500000000001
1.0804020100502512 6.723618090452261 0.16068759342301941 1815 1338 215 30.145932539682537
1.221105527638191 4.442211055276382 0.2748868778280543 1830 884 243 61.13888888888889
1.2462311557788945 3.050251256281407 0.4085667215815486 1830 607 248 64.85416666666667
1.07035175879397 5.78391959798995 0.1850564726324935 1830 1151 213 38.35
1.035175879396985 4.788944723618091 0.2161594963273872 1830 953 206 39.28333333333333
1.150753768844221 4.919597989949748 0.23391215526046988 1830 979 229 37.13511904761905
1.0904522613065326 4.964824120603015 0.21963562753036436 1830 988 217 33.516170634920634
1.236180904522613 4.894472361809045 0.25256673511293637 1830 974 246 47.88333333333333
0.9798994974874372 2.8341708542713566 0.34574468085106386 1830 564 195 43.875
1.35678391959799 4.36180904522613 0.3110599078341014 1830 868 270 47.64027777777778
1.185929648241206 5.316582914572864 0.223062381852552 1830 1058 236 55.12043650793651
1.07035175879397 3.0150753768844223 0.355 1830 600 213 66.70833333333333
1.1256281407035176 5.849246231155779 0.19243986254295534 1830 1164 224 32.266369047619044
1.2060301507537687 4.773869346733668 0.25263157894736843 1830 950 240 50.544444444444444
1.1306532663316582 4.964824120603015 0.2277327935222672 1830 988 225 33.70949074074074
0.9396984924623115 8.090452261306533 0.11614906832298136 1830 1610 187 20.59563492063492
1.2663316582914572 4.311557788944723 0.2937062937062937 1830 858 252 44.47083333333333
1.1959798994974875 4.075376884422111 0.2934648581997534 1830 811 238 49.131944444444436
1.170854271356784 4.728643216080402 0.2476089266737513 1830 941 233 46.75575396825397
1.1758793969849246 5.984924623115578 0.1964735516372796 1830 1191 234 37.87876984126984
1.1608040201005025 5.768844221105527 0.20121951219512196 1830 1148 231 42.363194444444446
1.065326633165829 7.517587939698492 0.14171122994652408 1845 1496 212 22.933928571428567
1.1105527638190955 5.386934673366834 0.20615671641791045 1845 1072 221 44.93988095238095
1.150753768844221 4.115577889447236 0.2796092796092796 1845 819 229 60.71388888888888
1.2914572864321607 5.1206030150753765 0.2522080471050049 1845 1019 257 45.831944444444446
1.0552763819095476 6.331658291457287 0.16666666666666663 1845 1260 210 38.941567460317465
1.100502512562814 6.376884422110553 0.17257683215130024 1845 1269 219 33.94186507936508
1.0603015075376885 6.683417085427136 0.15864661654135337 1845 1330 211 31.51527777777778
1.2663316582914572 5.015075376884422 0.25250501002004005 1845 998 252 51.24444444444445
1.2763819095477387 4.407035175879397 0.2896237172177879 1845 877 254 53.14027777777778
1.0904522613065326 6.924623115577889 0.1574746008708273 1845 1378 217 27.934226190476192
1.0100502512562815 5.778894472361809 0.17478260869565218 1845 1150 201 41.36805555555556
1.1256281407035176 5.522613065326633 0.20382165605095542 1845 1099 224 29.48809523809524
1.2010050251256281 4.150753768844221 0.28934624697336564 1845 826 239 53.70277777777778
1.2462311557788945 6.175879396984925 0.2017900732302685 1845 1229 248 44.21775793650793
1.1306532663316582 4.562814070351759 0.24779735682819382 1845 908 225 57.45416666666667
1.2412060301507537 5.155778894472362 0.24074074074074073 1845 1026 247 43.986507936507934
1.3618090452261307 4.693467336683417 0.2901498929336188 1845 934 271 50.39166666666667
1.1658291457286432 6.798994974874372 0.17147080561714706 1845 1353 232 35.640277777777776
1.065326633165829 7.748743718592965 0.13748378728923474 1845 1542 212 20.834325396825395
1.2814070351758795 4.678391959798995 0.2738990332975295 1845 931 255 56.82916666666667
1.2160804020100502 4.9045226130653266 0.24795081967213115 1860 976 242 42.43611111111111
1.3718592964824121 5.296482412060302 0.25901328273244784 1860 1054 273 51.89583333333332
1.2110552763819096 4.924623115577889 0.2459183673469388 1860 980 241 46.96388888888888
1.1758793969849246 5.386934673366834 0.21828358208955223 1860 1072 234 44.28472222222223
1.135678391959799 4.909547738693467 0.23132036847492324 1860 977 226 47.90138888888888
1.2261306532663316 5.7537688442211055 0.2131004366812227 1860 1145 244 47.262301587301586
1.306532663316583 4.9045226130653266 0.26639344262295084 1860 976 260 39.17916666666667
1.2964824120603016 4.889447236180905 0.26515930113052416 1860 973 258 52.96388888888888
1.2814070351758795 4.155778894472362 0.30834340991535675 1860 827 255 58.15416666666667
1.0552763819095476 4.788944723618091 0.22035676810073448 1860 953 210 47.7047619047619
1.150753768844221 5.9798994974874375 0.19243697478991595 1860 1190 229 28.37771164021164
1.2160804020100502 6.567839195979899 0.18515684774292274 1860 1307 242 38.200992063492066
1.1557788944723617 7.085427135678392 0.1631205673758865 1860 1410 230 29.684027777777775
1.2412060301507537 6.276381909547739 0.19775820656525217 1860 1249 247 34.87678571428571
1.2261306532663316 4.703517587939698 0.2606837606837607 1860 936 244 54.27916666666667
1.1457286432160805 6.296482412060302 0.1819632881085395 1860 1253 228 33.14037698412699
1.2110552763819096 5.226130653266332 0.2317307692307692 1860 1040 241 47.29087301587302
1.1055276381909547 6.42713567839196 0.17200938232994525 1860 1279 220 39.486111111111114
1.1407035175879396 6.8793969849246235 0.1658144631117604 1860 1369 227 27.231944444444448
1.150753768844221 6.542713567839196 0.17588325652841783 1860 1302 229 37.69236111111111
1.1758793969849246 5.381909547738694 0.21848739495798317 1875 1071 234 44.07361111111111
1.3115577889447236 7.1206030150753765 0.18419195483415668 1875 1417 261 31.845535714285717
1.3668341708542713 4.311557788944723 0.317016317016317 1875 858 272 58.27777777777778
1.170854271356784 7.542713567839196 0.1552298467688208 1875 1501 233 23.165674603174605
1.2512562814070352 3.4271356783919598 0.3651026392961877 1875 682 249 64.96527777777777
1.1959798994974875 8.025125628140703 0.1490294301815905 1875 1597 238 19.972519841269843
1.1055276381909547 6.090452261306533 0.1815181518151815 1875 1212 220 38.110119047619044
1.1959798994974875 4.839195979899498 0.24714434060228455 1875 963 238 49.60277777777778
1.4020100502512562 5.592964824120603 0.25067385444743934 1875 1113 279 42.55416666666667
1.2110552763819096 5.78391959798995 0.20938314509122502 1875 1151 241 38.12777777777778
1.1155778894472361 4.391959798994975 0.25400457665903886 1875 874 222 52.36607142857142
1.2663316582914572 5.402010050251256 0.2344186046511628 1875 1075 252 41.12638888888889
1.0753768844221105 6.4874371859296485 0.16576297443841984 1875 1291 214 25.225198412698415
1.0753768844221105 7.296482412060302 0.14738292011019283 1875 1452 214 27.084623015873017
1.185929648241206 6.221105527638191 0.19063004846526657 1875 1238 236 44.75714285714286
1.170854271356784 6.447236180904523 0.18160561184723306 1875 1283 233 45.87549603174603
1.2160804020100502 6.015075376884422 0.202172096908939 1875 1197 242 36.55694444444445
1.3718592964824121 4.28643216080402 0.3200468933177022 1875 853 273 50.39861111111111
1.0804020100502512 4.71356783919598 0.22921108742004265 1875 938 215 46.3125
1.1457286432160805 6.758793969849246 0.16951672862453532 1875 1345 228 32.311011904761905
1.306532663316583 5.668341708542713 0.23049645390070925 1890 1128 260 37.043353174603176
1.3165829145728642 5.824120603015075 0.22605694564279552 1890 1159 262 41.02132936507936
1.3919597989949748 5.989949748743719 0.23238255033557045 1890 1192 277 40.49702380952381
1.4221105527638191 5.738693467336684 0.2478108581436077 1890 1142 283 38.71597222222222
1.2462311557788945 6.010050251256281 0.2073578595317726 1890 1196 248 33.33412698412698
1.2613065326633166 5.1457286432160805 0.2451171875 1890 1024 251 44.525
1.3467336683417086 4.778894472361809 0.2818086225026288 1890 951 268 43.50416666666666
1.2462311557788945 5.658291457286432 0.2202486678507993 1890 1126 248 50.70972222222222
1.2964824120603016 4.758793969849246 0.27243928194297784 1890 947 258 51.20416666666666
1.2613065326633166 5.4874371859296485 0.22985347985347984 1890 1092 251 38.96805555555556
1.1959798994974875 5.849246231155779 0.20446735395189006 1890 1164 238 38.45079365079365
1.1407035175879396 6.824120603015075 0.16715758468335787 1890 1358 227 25.843055555555555
1.3366834170854272 4.381909547738694 0.30504587155963303 1890 872 266 40.61666666666667
1.035175879396985 5.914572864321608 0.1750212404418012 1890 1177 206 38.54649470899471
1.2160804020100502 4.407035175879397 0.2759407069555302 1890 877 242 42.50595238095238
1.3417085427135678 4.321608040201005 0.31046511627906975 1890 860 267 58.37083333333334
1.2261306532663316 4.989949748743719 0.2457200402819738 1890 993 244 47.76269841269842
1.135678391959799 4.175879396984925 0.2719614921780987 1890 831 226 55.669444444444444
1.306532663316583 5.276381909547739 0.24761904761904763 1890 1050 260 43.74861111111111
1.221105527638191 4.703517587939698 0.25961538461538464 1890 936 243 40.781150793650795
