0.23115577889447236 6.331658291457287 0.0365079365079365 1200 1260 46 8.855555555555554
1.0100502512562815 5.0 0.2020100502512563 1200 995 201 25.162500000000005
0.5477386934673367 5.381909547738694 0.10177404295051354 1200 1071 109 25.706944444444446
0.678391959798995 4.909547738693467 0.13817809621289665 1200 977 135 21.905555555555555
0.49246231155778897 6.035175879396985 0.08159866777685262 1200 1201 98 11.79027777777778
0.5979899497487438 6.085427135678392 0.09826589595375723 1200 1211 119 11.386111111111111
1.1909547738693467 4.728643216080402 0.25185972369819337 1200 941 237 25.421230158730157
0.4221105527638191 5.869346733668341 0.07191780821917809 1200 1168 84 14.305555555555555
0.8693467336683417 4.256281407035176 0.20425029515938606 1200 847 173 29.065277777777776
0.44221105527638194 6.306532663316583 0.0701195219123506 1200 1255 88 7.75
1.035175879396985 4.849246231155779 0.21347150259067357 1200 965 206 26.82777777777778
0.6984924623115578 6.206030150753769 0.1125506072874494 1200 1235 139 10.392857142857144
0.7788944723618091 5.57286432160804 0.13976555455365194 1200 1109 155 14.906944444444443
0.7286432160804021 5.557788944723618 0.13110307414104883 1200 1106 145 19.95138888888889
0.18090452261306533 6.71356783919598 0.02694610778443114 1200 1336 36 4.368055555555555
1.3919597989949748 4.045226130653266 0.34409937888198755 1200 805 277 54.15902777777779
0.35678391959798994 6.256281407035176 0.0570281124497992 1200 1245 71 11.761111111111113
0.23115577889447236 6.57286432160804 0.035168195718654434 1200 1308 46 4.186111111111111
0.5678391959798995 6.301507537688442 0.0901116427432217 1200 1254 113 8.79027777777778
0.8140703517587939 5.080402010050252 0.1602373887240356 1200 1011 162 27.556944444444444
0.5276381909547738 6.100502512562814 0.08649093904448105 1215 1214 105 11.505555555555555
0.9246231155778895 4.989949748743719 0.18529707955689828 1215 993 184 15.665476190476191
0.8442211055276382 5.291457286432161 0.15954415954415954 1215 1053 168 29.611111111111114
0.8944723618090452 4.592964824120603 0.19474835886214442 1215 914 178 20.236507936507937
0.4271356783919598 6.613065326633166 0.06458966565349544 1215 1316 85 6.420833333333333
1.1306532663316582 4.5125628140703515 0.2505567928730512 1215 898 225 26.49444444444445
0.964824120603015 5.959798994974874 0.16188870151770657 1215 1186 192 15.6625
0.9698492462311558 4.36180904522613 0.22235023041474655 1215 868 193 29.274999999999995
0.8291457286432161 6.010050251256281 0.1379598662207358 1215 1196 165 12.002777777777778
0.5226130653266332 5.663316582914573 0.0922803904170364 1215 1127 104 19.32361111111111
0.1407035175879397 6.7537688442211055 0.020833333333333332 1215 1344 28 3.7416666666666667
0.8341708542713567 5.648241206030151 0.14768683274021352 1215 1124 166 16.752777777777776
0.8391959798994975 6.025125628140704 0.13928273561301083 1215 1199 167 16.144444444444442
1.1105527638190955 4.71356783919598 0.2356076759061834 1215 938 221 31.805555555555554
0.628140703517588 5.884422110552764 0.10674637062339881 1215 1171 125 12.320833333333333
0.6130653266331658 6.201005025125628 0.09886547811993517 1215 1234 122 9.663888888888888
0.7989949748743719 3.7889447236180906 0.21087533156498672 1215 754 159 48.39861111111111
0.47738693467336685 6.477386934673367 0.07370054305663305 1215 1289 95 6.713888888888889
1.0 5.467336683417085 0.1829044117647059 1215 1088 199 19.380555555555556
1.1055276381909547 5.100502512562814 0.2167487684729064 1215 1015 220 26.270833333333332
0.23115577889447236 6.567839195979899 0.03519510328997705 1230 1307 46 4.740277777777778
0.25125628140703515 6.758793969849246 0.03717472118959107 1230 1345 50 4.3999999999999995
0.9045226130653267 6.180904522613066 0.14634146341463414 1230 1230 180 8.150595238095237
0.20100502512562815 6.728643216080402 0.029873039581777446 1230 1339 40 4.043055555555555
0.949748743718593 4.432160804020101 0.21428571428571427 1230 882 189 24.58611111111111
0.7336683417085427 4.346733668341709 0.16878612716763006 1230 865 146 36.48888888888889
0.4271356783919598 6.35678391959799 0.06719367588932806 1230 1265 85 9.791666666666666
0.8542713567839196 5.864321608040201 0.14567266495287062 1230 1167 170 13.625
0.8140703517587939 4.78391959798995 0.17016806722689073 1230 952 162 36.84861111111111
0.1507537688442211 6.839195979899498 0.022042615723732548 1230 1361 30 3.8499999999999996
1.185929648241206 4.391959798994975 0.2700228832951945 1230 874 236 30.193452380952383
0.678391959798995 6.050251256281407 0.11212624584717609 1230 1204 135 15.14722222222222
1.0 5.316582914572864 0.18809073724007563 1230 1058 199 25.825000000000003
0.8693467336683417 5.160804020100502 0.16845180136319376 1230 1027 173 24.841666666666665
0.19597989949748743 6.909547738693467 0.02836363636363636 1230 1375 39 3.747222222222223
0.7286432160804021 4.884422110552764 0.1491769547325103 1230 972 145 26.520833333333332
1.0301507537688441 3.8894472361809047 0.26485788113695086 1230 774 205 41.775
1.2160804020100502 5.0703517587939695 0.2398414271555996 1230 1009 242 18.42638888888889
0.5326633165829145 5.864321608040201 0.0908311910882605 1230 1167 106 18.183333333333334
0.7185929648241206 5.4120603015075375 0.1327762302692665 1230 1077 143 25.584722222222222
0.9597989949748744 5.989949748743719 0.16023489932885907 1245 1192 191 8.991666666666665
0.6381909547738693 5.4874371859296485 0.11630036630036629 1245 1092 127 26.156944444444445
0.8693467336683417 5.723618090452261 0.15188762071992978 1245 1139 173 17.266666666666666
0.5376884422110553 4.9798994974874375 0.10797174571140261 1245 991 107 29.06944444444444
1.1608040201005025 4.934673366834171 0.23523421588594703 1245 982 231 28.48194444444444
0.9849246231155779 6.261306532663316 0.15730337078651688 1245 1246 196 8.990277777777777
0.9195979899497487 4.809045226130653 0.19122257053291536 1245 957 183 34.90972222222222
0.8140703517587939 6.467336683417085 0.1258741258741259 1245 1287 162 12.338888888888889
0.15577889447236182 6.834170854271357 0.022794117647058822 1245 1360 31 4.144444444444445
0.9949748743718593 5.050251256281407 0.19701492537313434 1245 1005 198 22.006944444444443
0.49246231155778897 6.623115577889447 0.07435508345978757 1245 1318 98 8.7125
0.7085427135678392 5.557788944723618 0.1274864376130199 1245 1106 141 25.25833333333333
0.8341708542713567 4.402010050251256 0.18949771689497716 1245 876 166 38.022222222222226
0.5025125628140703 5.14070351758794 0.09775171065493644 1245 1023 100 28.537499999999998
1.135678391959799 5.045226130653266 0.2250996015936255 1245 1004 226 24.847222222222218
0.9045226130653267 5.371859296482412 0.16838166510757718 1245 1069 180 23.873611111111114
1.321608040201005 4.678391959798995 0.2824919441460795 1245 931 263 31.412499999999994
0.7537688442211056 6.351758793969849 0.11867088607594937 1245 1264 150 7.740972222222222
1.1105527638190955 5.231155778894473 0.21229586935638808 1245 1041 221 31.223611111111108
0.6180904522613065 4.733668341708543 0.1305732484076433 1245 942 123 30.66111111111111
1.020100502512563 3.8341708542713566 0.26605504587155965 1260 763 203 39.03611111111111
0.2663316582914573 6.899497487437186 0.03860160233066278 1260 1373 53 4.997222222222223
0.8341708542713567 5.49748743718593 0.15173674588665448 1260 1094 166 21.730555555555554
1.2964824120603016 5.105527638190955 0.25393700787401574 1260 1016 258 25.66111111111111
0.7989949748743719 5.733668341708543 0.13935144609991235 1260 1141 159 23.144444444444446
0.8793969849246231 5.296482412060302 0.16603415559772297 1260 1054 175 20.620833333333334
0.8442211055276382 5.557788944723618 0.1518987341772152 1260 1106 168 22.03611111111111
0.7537688442211056 5.64321608040201 0.13357079252003562 1260 1123 150 25.08849206349206
1.1105527638190955 4.793969849246231 0.23165618448637318 1260 954 221 38.01190476190476
0.949748743718593 4.452261306532663 0.21331828442437922 1260 886 189 35.145833333333336
0.6231155778894473 5.331658291457287 0.11687087653157399 1260 1061 124 28.925
0.22613065326633167 6.8793969849246235 0.03287070854638422 1260 1369 45 4.134722222222222
0.49246231155778897 5.517587939698492 0.08925318761384336 1260 1098 98 26.590277777777775
1.2914572864321607 4.864321608040201 0.265495867768595 1260 968 257 23.03888888888889
0.49748743718592964 5.557788944723618 0.0895117540687161 1260 1106 99 25.430555555555554
0.8492462311557789 5.376884422110553 0.15794392523364484 1260 1070 169 22.49166666666667
1.5075376884422111 4.36180904522613 0.34562211981566826 1260 868 300 34.20138888888889
0.8743718592964824 5.849246231155779 0.14948453608247422 1260 1164 174 15.455555555555556
0.7035175879396985 5.844221105527638 0.12037833190025796 1260 1163 140 15.783333333333333
0.9748743718592965 5.311557788944723 0.18353831598864712 1260 1057 194 20.958333333333332
0.9396984924623115 6.1959798994974875 0.1516626115166261 1275 1233 187 11.320833333333331
1.020100502512563 4.9296482412060305 0.2069317023445464 1275 981 203 21.36111111111111
0.5025125628140703 6.728643216080402 0.07468259895444361 1275 1339 100 9.052380952380952
1.1105527638190955 4.547738693467337 0.24419889502762432 1275 905 221 39.75555555555555
1.050251256281407 5.683417085427136 0.18479221927497788 1275 1131 209 19.49861111111111
0.6834170854271356 5.693467336683417 0.12003530450132391 1275 1133 136 15.781944444444441
0.5577889447236181 5.331658291457287 0.10461828463713477 1275 1061 111 28.77638888888889
0.8341708542713567 4.824120603015075 0.17291666666666666 1275 960 166 23.597222222222225
1.3266331658291457 5.060301507537688 0.2621648460774578 1275 1007 264 34.93432539682539
0.7839195979899497 5.954773869346734 0.13164556962025317 1275 1185 156 19.152777777777775
0.9095477386934674 5.567839195979899 0.16335740072202168 1275 1108 181 20.17361111111111
1.1658291457286432 5.396984924623116 0.21601489757914338 1275 1074 232 22.044444444444448
0.864321608040201 5.768844221105527 0.14982578397212543 1275 1148 172 18.541666666666668
0.3065326633165829 7.045226130653266 0.043509272467902996 1275 1402 61 4.825
1.3366834170854272 3.2311557788944723 0.4136858475894246 1275 643 266 55.201388888888886
0.6934673366834171 4.71356783919598 0.1471215351812367 1275 938 138 29.023611111111112
0.25125628140703515 7.060301507537688 0.03558718861209964 1275 1405 50 4.972222222222222
1.5879396984924623 4.8542713567839195 0.32712215320910976 1275 966 316 23.44642857142857
0.8391959798994975 5.582914572864322 0.15031503150315031 1275 1111 167 19.213888888888892
0.5326633165829145 6.025125628140704 0.0884070058381985 1275 1199 106 22.873611111111114
0.7386934673366834 6.437185929648241 0.11475409836065573 1290 1281 147 14.072619047619048
0.6683417085427136 6.105527638190955 0.1094650205761317 1290 1215 133 15.02361111111111
0.6331658291457286 5.919597989949748 0.10696095076400679 1290 1178 126 19.31111111111111
1.1809045226130652 5.376884422110553 0.21962616822429903 1290 1070 235 20.791666666666668
1.0301507537688441 5.698492462311558 0.18077601410934743 1290 1134 205 21.52123015873016
0.7135678391959799 5.9798994974874375 0.11932773109243697 1290 1190 142 20.188888888888886
1.2462311557788945 4.9798994974874375 0.25025227043390513 1290 991 248 20.551190476190474
0.6331658291457286 5.396984924623116 0.11731843575418993 1290 1074 126 29.891666666666666
1.4673366834170853 3.271356783919598 0.4485407066052227 1290 651 292 42.39444444444444
0.32663316582914576 7.040201005025126 0.046395431834404 1290 1401 65 4.877380952380952
1.015075376884422 4.64321608040201 0.2186147186147186 1290 924 202 38.36944444444445
1.728643216080402 4.71859296482412 0.3663471778487753 1290 939 344 36.737698412698414
1.085427135678392 4.71859296482412 0.23003194888178916 1290 939 216 29.94345238095238
1.4422110552763818 5.447236180904523 0.264760147601476 1290 1084 287 24.930555555555557
1.135678391959799 5.557788944723618 0.20433996383363473 1290 1106 226 24.21875
1.3115577889447236 5.1959798994974875 0.2524177949709865 1290 1034 261 25.36527777777778
1.3366834170854272 4.080402010050252 0.3275862068965517 1290 812 266 43.116666666666674
0.39195979899497485 6.844221105527638 0.057268722466960346 1290 1362 78 6.512896825396825
0.7889447236180904 5.964824120603015 0.13226621735467564 1290 1187 157 17.344444444444445
0.6532663316582915 5.211055276381909 0.12536162005785922 1290 1037 130 31.716666666666665
0.5778894472361809 6.50251256281407 0.08887171561051004 1305 1294 115 16.42361111111111
1.1457286432160805 5.346733668341709 0.2142857142857143 1305 1064 228 26.921031746031744
1.3668341708542713 4.984924623115578 0.27419354838709675 1305 992 272 26.27857142857143
0.9447236180904522 5.728643216080402 0.16491228070175437 1305 1140 188 19.697222222222223
0.5527638190954773 6.894472361809045 0.08017492711370261 1305 1372 110 7.111111111111111
1.4020100502512562 4.9798994974874375 0.2815338042381433 1305 991 279 31.617063492063494
0.9045226130653267 5.71859296482412 0.15817223198594027 1305 1138 180 25.041468253968258
1.0954773869346734 3.829145728643216 0.28608923884514437 1305 762 218 41.65277777777778
1.4673366834170853 4.0703517587939695 0.36049382716049383 1305 810 292 47.595238095238095
1.4673366834170853 4.1457286432160805 0.3539393939393939 1305 825 292 29.186111111111114
1.2412060301507537 4.824120603015075 0.2572916666666667 1305 960 247 33.59861111111111
0.6582914572864321 5.36180904522613 0.12277413308341144 1305 1067 131 27.974999999999998
1.6130653266331658 3.9246231155778895 0.41101152368758004 1305 781 321 37.702777777777776
1.015075376884422 4.321608040201005 0.23488372093023258 1305 860 202 41.67361111111111
0.5376884422110553 6.256281407035176 0.0859437751004016 1305 1245 107 15.72361111111111
0.9095477386934674 5.944723618090452 0.15300084530853764 1305 1183 181 16.70138888888889
0.9748743718592965 5.206030150753769 0.18725868725868727 1305 1036 194 29.394444444444446
1.1758793969849246 5.100502512562814 0.23054187192118225 1305 1015 234 31.36111111111111
0.6532663316582915 5.939698492462312 0.10998307952622674 1305 1182 130 21.73611111111111
1.1959798994974875 5.201005025125628 0.22995169082125605 1305 1035 238 27.39305555555556
1.0603015075376885 5.226130653266332 0.20288461538461539 1320 1040 211 25.791666666666668
0.7587939698492462 6.0201005025125625 0.12604340567612687 1320 1198 151 19.008333333333333
1.271356783919598 3.778894472361809 0.336436170212766 1320 752 253 47.74007936507937
0.6582914572864321 6.311557788944723 0.10429936305732483 1320 1256 131 17.575
0.2864321608040201 7.015075376884422 0.04083094555873926 1320 1396 57 4.9875
1.256281407035176 4.959798994974874 0.25329280648429586 1320 987 250 28.333333333333332
1.2160804020100502 3.869346733668342 0.3142857142857143 1320 770 242 43.86666666666667
1.0904522613065326 5.206030150753769 0.20945945945945946 1320 1036 217 22.804166666666664
1.1407035175879396 5.251256281407035 0.2172248803827751 1320 1045 227 27.159722222222225
1.1809045226130652 4.869346733668341 0.24251805985552116 1320 969 235 29.893055555555552
1.2462311557788945 5.236180904522613 0.2380038387715931 1320 1042 248 26.16388888888889
1.306532663316583 2.9899497487437188 0.4369747899159664 1320 595 260 54.237500000000004
1.150753768844221 4.698492462311558 0.24491978609625667 1320 935 229 37.18333333333334
1.5226130653266332 4.060301507537688 0.375 1320 808 303 40.02857142857143
1.3316582914572865 3.351758793969849 0.39730134932533734 1320 667 265 52.24404761904762
0.8542713567839196 5.492462311557789 0.1555352241537054 1320 1093 170 26.680555555555557
1.5226130653266332 4.71356783919598 0.32302771855010665 1320 938 303 30.061111111111114
1.120603015075377 5.331658291457287 0.21017907634307256 1320 1061 223 27.937499999999996
1.2010050251256281 5.768844221105527 0.20818815331010454 1320 1148 239 21.315476190476193
1.6582914572864322 4.472361809045226 0.37078651685393266 1320 890 330 33.929563492063494
1.3819095477386936 5.115577889447236 0.2701375245579568 1335 1018 275 30.041666666666668
1.3869346733668342 5.115577889447236 0.27111984282907664 1335 1018 276 27.866666666666664
1.35678391959799 4.683417085427136 0.28969957081545067 1335 932 270 37.06388888888889
0.7889447236180904 5.371859296482412 0.146866230121609 1335 1069 157 26.17777777777778
1.2261306532663316 4.407035175879397 0.2782212086659065 1335 877 244 32.520833333333336
1.2412060301507537 3.477386934673367 0.3569364161849711 1335 692 247 49.54861111111111
1.5175879396984924 3.628140703517588 0.4182825484764543 1335 722 302 38.975
1.1457286432160805 4.477386934673367 0.2558922558922559 1335 891 228 37.455555555555556
2.090452261306533 4.874371859296482 0.4288659793814434 1335 970 416 31.362499999999997
1.050251256281407 4.160804020100502 0.2524154589371981 1335 828 209 47.31388888888889
0.8894472361809045 3.663316582914573 0.242798353909465 1335 729 177 38.75
1.185929648241206 4.969849246231155 0.2386248736097068 1335 989 236 29.3125
1.3618090452261307 3.7185929648241207 0.3662162162162162 1335 740 271 50.24166666666667
0.678391959798995 5.422110552763819 0.1251158480074143 1335 1079 135 30.58888888888889
1.100502512562814 4.78391959798995 0.23004201680672268 1335 952 219 39.47222222222222
1.4773869346733668 4.477386934673367 0.3299663299663299 1335 891 294 39.88194444444445
1.1256281407035176 5.336683417085427 0.21092278719397362 1335 1062 224 25.14305555555556
1.3668341708542713 4.9798994974874375 0.27447023208879917 1335 991 272 29.1375
1.1155778894472361 5.834170854271357 0.19121447028423771 1335 1161 222 16.002777777777776
1.1658291457286432 5.2462311557788945 0.2222222222222222 1335 1044 232 27.191666666666666
0.914572864321608 6.125628140703518 0.14930270713699753 1385 1219 182 20.55892857142857
1.2412060301507537 4.989949748743719 0.24874118831822756 1385 993 247 30.28551587301587
1.3366834170854272 5.381909547738694 0.2483660130718954 1385 1071 266 27.91111111111111
1.3015075376884422 4.844221105527638 0.26867219917012447 1385 964 259 32.270833333333336
0.9095477386934674 6.296482412060302 0.14445331205107742 1385 1253 181 24.063888888888886
1.4673366834170853 3.407035175879397 0.43067846607669613 1385 678 292 56.28472222222223
1.1608040201005025 5.005025125628141 0.2319277108433735 1385 996 231 39.336111111111116
1.1758793969849246 6.100502512562814 0.1927512355848435 1385 1214 234 22.731150793650794
0.9698492462311558 5.8542713567839195 0.16566523605150216 1385 1165 193 19.930555555555557
1.0904522613065326 6.291457286432161 0.17332268370607026 1385 1252 217 16.751388888888886
0.7638190954773869 7.065326633165829 0.10810810810810811 1385 1406 152 11.656944444444443
0.7185929648241206 4.50251256281407 0.1595982142857143 1385 896 143 29.03611111111111
1.185929648241206 5.0703517587939695 0.23389494549058476 1385 1009 236 33.776388888888896
0.6834170854271356 5.241206030150754 0.13039309683604985 1385 1043 136 29.753769841269843
0.7437185929648241 5.814070351758794 0.12791702679343128 1385 1157 148 25.84503968253968
1.0251256281407035 6.130653266331659 0.16721311475409836 1385 1220 204 21.768055555555552
0.9899497487437185 5.301507537688442 0.1867298578199052 1385 1055 197 27.5422619047619
0.9547738693467337 6.788944723618091 0.14063656550703182 1385 1351 190 14.033333333333333
1.1758793969849246 4.336683417085427 0.27114716106604864 1385 863 234 34.93055555555555
0.9095477386934674 6.733668341708543 0.13507462686567165 1385 1340 181 14.642261904761904
1.185929648241206 5.603015075376884 0.2116591928251121 1400 1115 236 23.319444444444443
1.4371859296482412 6.100502512562814 0.2355848434925865 1400 1214 286 19.953769841269843
1.035175879396985 5.618090452261306 0.18425760286225404 1400 1118 206 23.461904761904762
1.2060301507537687 5.844221105527638 0.20636285468615648 1400 1163 240 29.309722222222224
0.8793969849246231 6.211055276381909 0.14158576051779936 1400 1236 175 21.256944444444443
1.236180904522613 4.698492462311558 0.2631016042780749 1400 935 246 41.36666666666667
1.4321608040201006 4.155778894472362 0.34461910519951633 1400 827 285 48.95208333333333
1.2914572864321607 5.2462311557788945 0.24616858237547892 1400 1044 257 34.333333333333336
1.085427135678392 5.005025125628141 0.21686746987951808 1400 996 216 40.97777777777778
1.0100502512562815 6.231155778894473 0.1620967741935484 1400 1240 201 25.75654761904762
0.9396984924623115 6.4623115577889445 0.14541213063763608 1400 1286 187 21.361309523809524
0.8793969849246231 3.658291457286432 0.2403846153846154 1400 728 175 51.895833333333336
0.8190954773869347 6.63819095477387 0.12339137017411052 1400 1321 163 16.818650793650793
1.8341708542713568 4.21608040201005 0.4350417163289631 1400 839 365 30.00148809523809
1.1306532663316582 6.477386934673367 0.17455391776570983 1400 1289 225 17.559722222222224
1.050251256281407 6.0201005025125625 0.17445742904841402 1400 1198 209 26.195833333333336
1.0 6.4874371859296485 0.1541440743609605 1400 1291 199 19.880555555555553
1.5025125628140703 3.969849246231156 0.3784810126582278 1400 790 299 33.13888888888889
1.4472361809045227 4.060301507537688 0.3564356435643565 1400 808 288 33.993452380952384
1.3015075376884422 5.42713567839196 0.2398148148148148 1400 1080 259 24.12876984126984
0.9195979899497487 6.236180904522613 0.1474617244157937 1415 1241 183 20.96031746031746
0.9396984924623115 7.14070351758794 0.13159746657283602 1415 1421 187 12.903968253968253
1.2010050251256281 5.271356783919598 0.2278360343183985 1415 1049 239 26.868055555555554
0.9698492462311558 7.296482412060302 0.13292011019283745 1415 1452 193 11.565873015873015
1.3165829145728642 4.0703517587939695 0.3234567901234568 1415 810 262 38.34722222222222
1.6231155778894473 3.9849246231155777 0.40731399747793195 1415 793 323 37.62500000000001
1.2914572864321607 4.1959798994974875 0.3077844311377245 1415 835 257 34.727777777777774
1.1608040201005025 6.236180904522613 0.1861402095084609 1415 1241 231 20.920833333333338
0.9899497487437185 6.291457286432161 0.1573482428115016 1415 1252 197 19.20198412698413
1.1105527638190955 4.7537688442211055 0.23361522198731502 1415 946 221 41.67638888888889
1.0552763819095476 5.8291457286432165 0.18103448275862066 1415 1160 210 19.384126984126983
0.9547738693467337 6.909547738693467 0.13818181818181818 1415 1375 190 12.497222222222222
1.3015075376884422 4.698492462311558 0.27700534759358286 1415 935 259 24.88611111111111
1.1758793969849246 5.467336683417085 0.21507352941176472 1415 1088 234 21.218055555555555
1.5175879396984924 3.2964824120603016 0.46036585365853655 1415 656 302 35.361111111111114
1.1758793969849246 4.557788944723618 0.2579933847850055 1415 907 234 41.548611111111114
1.1407035175879396 5.251256281407035 0.2172248803827751 1415 1045 227 25.311309523809523
1.1256281407035176 6.321608040201005 0.17806041335453102 1415 1258 224 26.180555555555557
0.678391959798995 5.42713567839196 0.125 1415 1080 135 32.756349206349206
1.3618090452261307 3.9648241206030153 0.34347275031685676 1415 789 271 46.10912698412699
0.9899497487437185 4.909547738693467 0.2016376663254862 1430 977 197 36.24166666666667
1.3266331658291457 3.748743718592965 0.353887399463807 1430 746 264 38.583333333333336
0.8944723618090452 5.321608040201005 0.16808309726156753 1430 1059 178 36.26944444444444
0.8894472361809045 6.50251256281407 0.13678516228748067 1430 1294 177 20.868055555555557
0.7386934673366834 7.306532663316583 0.10110041265474552 1430 1454 147 14.694047619047621
1.6884422110552764 4.472361809045226 0.3775280898876405 1430 890 336 40.90694444444444
1.050251256281407 6.50251256281407 0.1615146831530139 1430 1294 209 17.942460317460316
1.4221105527638191 3.9145728643216082 0.3632862644415918 1430 779 283 47.16527777777778
1.4974874371859297 4.331658291457287 0.345707656612529 1430 862 298 36.734722222222224
0.7587939698492462 6.5125628140703515 0.11651234567901235 1430 1296 151 19.944444444444443
1.015075376884422 5.025125628140704 0.20199999999999999 1430 1000 202 37.329166666666666
1.407035175879397 5.597989949748744 0.2513464991023339 1430 1114 280 25.99444444444444
1.2010050251256281 4.201005025125628 0.28588516746411485 1430 836 239 41.770833333333336
1.5175879396984924 5.391959798994975 0.2814538676607642 1430 1073 302 29.54444444444444
1.3266331658291457 5.582914572864322 0.2376237623762376 1430 1111 264 30.58055555555556
1.4974874371859297 5.306532663316583 0.2821969696969697 1430 1056 298 26.239285714285714
1.2512562814070352 4.261306532663316 0.2936320754716981 1430 848 249 35.731944444444444
0.8844221105527639 6.50251256281407 0.13601236476043277 1430 1294 176 23.39861111111111
0.8994974874371859 5.527638190954774 0.16272727272727272 1430 1100 179 26.931944444444444
1.4020100502512562 4.8542713567839195 0.2888198757763975 1430 966 279 30.743055555555557
1.3366834170854272 5.522613065326633 0.24203821656050958 1445 1099 266 26.259920634920633
1.2412060301507537 4.185929648241206 0.29651860744297714 1445 833 247 43.04960317460317
1.3467336683417086 4.944723618090452 0.27235772357723576 1445 984 268 34.13333333333333
1.4824120603015076 4.251256281407035 0.3486997635933806 1445 846 295 38.99166666666667
1.6231155778894473 5.402010050251256 0.3004651162790698 1445 1075 323 27.179761904761904
1.3015075376884422 5.402010050251256 0.24093023255813953 1445 1075 259 29.975198412698415
0.914572864321608 6.763819095477387 0.1352154531946508 1445 1346 182 19.361706349206347
1.2261306532663316 5.577889447236181 0.2198198198198198 1445 1110 244 27.66944444444444
1.4623115577889447 3.658291457286432 0.39972527472527475 1445 728 291 32.638888888888886
1.5979899497487438 5.402010050251256 0.2958139534883721 1445 1075 318 23.248015873015873
1.1658291457286432 4.42713567839196 0.26333711691259926 1445 881 232 29.72916666666666
0.7788944723618091 6.78391959798995 0.11481481481481481 1445 1350 155 18.289484126984124
0.8592964824120602 4.919597989949748 0.17466802860061287 1445 979 171 24.83829365079365
0.9346733668341709 7.090452261306533 0.13182140326009922 1445 1411 186 14.920634920634923
1.0100502512562815 6.894472361809045 0.14650145772594753 1445 1372 201 20.41488095238095
1.0251256281407035 3.9396984924623117 0.2602040816326531 1445 784 204 54.555555555555564
1.2914572864321607 6.155778894472362 0.20979591836734693 1445 1225 257 22.808531746031747
0.7085427135678392 6.552763819095477 0.10812883435582822 1445 1304 141 19.285912698412695
0.4371859296482412 7.994974874371859 0.054682589566310495 1445 1591 87 5.628174603174603
0.8241206030150754 7.1457286432160805 0.11533052039381153 1445 1422 164 14.643849206349204
1.015075376884422 6.658291457286432 0.15245283018867925 1460 1325 202 23.828869047619047
1.693467336683417 4.9798994974874375 0.3400605449041372 1460 991 337 25.110119047619047
1.035175879396985 5.291457286432161 0.1956315289648623 1460 1053 206 30.29166666666667
1.1758793969849246 4.778894472361809 0.24605678233438483 1460 951 234 41.4375
0.9899497487437185 5.432160804020101 0.1822386679000925 1460 1081 197 23.43095238095238
0.8844221105527639 5.8793969849246235 0.15042735042735042 1460 1170 176 26.36111111111111
1.864321608040201 4.422110552763819 0.4215909090909091 1460 880 371 34.86964285714286
1.3115577889447236 4.944723618090452 0.2652439024390244 1460 984 261 34.475
1.0603015075376885 4.4623115577889445 0.23761261261261263 1460 888 211 40.480555555555554
1.150753768844221 5.457286432160804 0.21086556169429096 1460 1086 229 19.14603174603175
0.9748743718592965 6.939698492462312 0.1404779145546705 1460 1381 194 16.583333333333332
1.4020100502512562 4.8291457286432165 0.29032258064516125 1460 961 279 37.608333333333334
0.8442211055276382 6.266331658291457 0.1347233360064154 1460 1247 168 24.85416666666666
1.221105527638191 6.336683417085427 0.19270420301348137 1460 1261 243 19.32361111111111
1.4020100502512562 5.532663316582915 0.2534059945504087 1460 1101 279 30.469642857142855
0.9095477386934674 5.366834170854271 0.16947565543071164 1460 1068 181 29.680555555555557
0.507537688442211 8.256281407035177 0.061472915398660975 1460 1643 101 5.535714285714285
1.1105527638190955 6.869346733668341 0.16166788588149233 1460 1367 221 16.0
0.8040201005025126 6.778894472361809 0.11860637509266123 1460 1349 160 17.959920634920636
1.7537688442211055 4.150753768844221 0.42251815980629537 1460 826 349 43.047619047619044
1.3266331658291457 3.6532663316582914 0.3631361760660248 1475 727 264 46.94097222222223
1.0603015075376885 5.824120603015075 0.18205349439171703 1475 1159 211 17.734126984126984
1.1909547738693467 4.085427135678392 0.2915129151291513 1475 813 237 37.856944444444444
1.5678391959798994 5.075376884422111 0.30891089108910885 1475 1010 312 32.70972222222222
1.1055276381909547 5.954773869346734 0.18565400843881855 1475 1185 220 26.161111111111108
1.1809045226130652 5.261306532663316 0.22445081184336196 1475 1047 235 27.866666666666664
1.3819095477386936 4.396984924623116 0.3142857142857143 1475 875 275 43.5
1.5979899497487438 4.5125628140703515 0.3541202672605791 1475 898 318 41.83869047619047
1.2613065326633166 4.50251256281407 0.2801339285714286 1475 896 251 42.40972222222222
1.3819095477386936 5.306532663316583 0.2604166666666667 1475 1056 275 36.94166666666667
0.949748743718593 7.135678391959799 0.13309859154929576 1475 1420 189 11.64424603174603
1.0251256281407035 4.723618090452261 0.2170212765957447 1475 940 204 46.66547619047619
1.3869346733668342 3.648241206030151 0.38016528925619836 1475 726 276 47.95138888888889
1.3015075376884422 5.316582914572864 0.2448015122873346 1475 1058 259 38.40138888888889
1.1658291457286432 4.301507537688442 0.27102803738317754 1475 856 232 27.452380952380953
0.9045226130653267 6.628140703517588 0.13646702047005307 1475 1319 180 23.331349206349206
0.7135678391959799 5.025125628140704 0.142 1475 1000 142 31.42222222222222
1.4120603015075377 5.467336683417085 0.25827205882352944 1475 1088 281 23.979166666666668
1.1055276381909547 5.7537688442211055 0.19213973799126635 1475 1145 220 26.648214285714285
1.2613065326633166 5.849246231155779 0.21563573883161513 1475 1164 251 29.45555555555556
1.4824120603015076 4.130653266331659 0.3588807785888078 1490 822 295 58.6875
1.6180904522613064 5.0201005025125625 0.32232232232232233 1490 999 322 32.06944444444444
1.9899497487437185 5.452261306532663 0.3649769585253456 1490 1085 396 35.27777777777778
0.7487437185929648 6.190954773869347 0.12094155844155845 1490 1232 149 27.708333333333332
1.170854271356784 4.201005025125628 0.2787081339712919 1490 836 233 41.97083333333334
1.407035175879397 4.231155778894473 0.332541567695962 1490 842 280 50.34722222222222
1.5577889447236182 4.5125628140703515 0.3452115812917595 1490 898 310 47.47222222222223
1.5025125628140703 4.402010050251256 0.341324200913242 1490 876 299 46.729166666666664
1.0954773869346734 5.608040201005025 0.1953405017921147 1490 1116 218 31.23313492063492
1.407035175879397 5.0703517587939695 0.2775024777006938 1490 1009 280 22.982142857142858
1.3919597989949748 3.562814070351759 0.390691114245416 1490 709 277 32.663690476190474
1.4422110552763818 4.964824120603015 0.29048582995951416 1490 988 287 35.11111111111111
1.4924623115577889 5.100502512562814 0.29261083743842364 1490 1015 297 32.55873015873016
1.2763819095477387 5.909547738693467 0.21598639455782312 1490 1176 254 24.96785714285714
0.9748743718592965 4.331658291457287 0.2250580046403712 1490 862 194 35.926984126984124
0.7889447236180904 7.447236180904523 0.10593792172739541 1490 1482 157 11.944444444444445
1.7336683417085428 5.366834170854271 0.32303370786516855 1490 1068 345 24.790079365079364
1.6381909547738693 4.773869346733668 0.3431578947368421 1490 950 326 32.87777777777777
1.1557788944723617 5.63819095477387 0.2049910873440285 1490 1122 230 25.623611111111106
1.1055276381909547 4.185929648241206 0.2641056422569027 1490 833 220 53.45039682539683
0.9748743718592965 4.35678391959799 0.223760092272203 1505 867 194 38.18809523809524
1.3668341708542713 5.914572864321608 0.23109600679694137 1505 1177 272 22.99722222222222
1.0603015075376885 4.778894472361809 0.22187171398527863 1505 951 211 33.98055555555556
1.35678391959799 5.241206030150754 0.2588686481303931 1505 1043 270 31.204761904761906
1.3919597989949748 4.477386934673367 0.3108866442199775 1505 891 277 45.711309523809526
1.1809045226130652 4.125628140703518 0.2862362971985383 1505 821 235 32.02876984126984
1.271356783919598 4.447236180904523 0.2858757062146893 1505 885 253 31.166865079365078
0.8844221105527639 6.964824120603015 0.126984126984127 1505 1386 176 18.498809523809523
1.1457286432160805 4.5125628140703515 0.2538975501113586 1505 898 228 27.913888888888888
1.3417085427135678 4.060301507537688 0.33044554455445546 1505 808 267 43.51686507936508
1.6231155778894473 5.482412060301508 0.29605866177818513 1505 1091 323 33.706944444444446
1.407035175879397 3.7939698492462313 0.3708609271523179 1505 755 280 54.956944444444446
1.1457286432160805 4.517587939698492 0.25361512791991103 1505 899 228 52.94722222222222
1.3165829145728642 5.477386934673367 0.24036697247706418 1505 1090 262 31.655158730158732
1.5778894472361809 4.668341708542713 0.3379978471474704 1505 929 314 27.533333333333335
1.3969849246231156 4.793969849246231 0.29140461215932917 1505 954 278 44.242063492063494
1.020100502512563 4.994974874371859 0.20422535211267606 1505 994 203 39.46626984126984
1.4924623115577889 5.864321608040201 0.2544987146529563 1505 1167 297 22.648214285714285
1.085427135678392 3.6884422110552766 0.29427792915531337 1505 734 216 52.10277777777778
1.1959798994974875 3.8391959798994977 0.31151832460732987 1505 764 238 46.479166666666664
1.92964824120603 5.1708542713567835 0.37317784256559766 1520 1029 384 31.459722222222222
1.1758793969849246 4.442211055276382 0.2647058823529412 1520 884 234 42.326388888888886
1.120603015075377 3.9396984924623117 0.2844387755102041 1520 784 223 52.43452380952382
1.1055276381909547 4.633165829145729 0.23861171366594355 1520 922 220 40.75
1.1809045226130652 3.5829145728643215 0.3295932678821879 1520 713 235 35.50416666666667
1.5025125628140703 5.376884422110553 0.27943925233644856 1520 1070 299 26.92857142857143
1.4773869346733668 3.306532663316583 0.44680851063829785 1520 658 294 56.84722222222223
1.5376884422110553 5.733668341708543 0.2681858019281332 1520 1141 306 26.233730158730157
1.2964824120603016 3.170854271356784 0.4088748019017433 1520 631 258 53.08888888888888
1.321608040201005 3.1457286432160805 0.42012779552715657 1520 626 263 65.34722222222221
1.2864321608040201 4.8793969849246235 0.26364572605561276 1520 971 256 43.07281746031746
1.9597989949748744 4.562814070351759 0.42951541850220265 1520 908 390 31.307638888888892
1.4874371859296482 4.969849246231155 0.29929221435793735 1520 989 296 33.05297619047619
1.5125628140703518 3.849246231155779 0.39295039164490864 1520 766 301 49.827777777777776
1.3869346733668342 4.28140703517588 0.32394366197183094 1520 852 276 46.916666666666664
1.7839195979899498 4.185929648241206 0.4261704681872749 1520 833 355 47.90873015873016
1.5376884422110553 4.0201005025125625 0.3825 1520 800 306 43.05833333333334
1.271356783919598 5.527638190954774 0.22999999999999998 1520 1100 253 35.049305555555556
1.020100502512563 6.125628140703518 0.16652994257588188 1520 1219 203 21.450000000000003
1.3316582914572865 6.381909547738694 0.20866141732283466 1520 1270 265 23.736904761904764
1.5125628140703518 3.849246231155779 0.39295039164490864 1570 766 301 42.833333333333336
1.4673366834170853 4.1457286432160805 0.3539393939393939 1570 825 292 31.432936507936514
1.4723618090452262 3.7336683417085426 0.3943472409152086 1570 743 293 48.80555555555555
1.2663316582914572 5.045226130653266 0.250996015936255 1570 1004 252 41.041865079365074
1.5728643216080402 5.050251256281407 0.31144278606965176 1570 1005 313 32.35912698412698
1.3969849246231156 4.482412060301508 0.3116591928251121 1570 892 278 33.540277777777774
1.2814070351758795 4.939698492462312 0.25940996948118006 1570 983 255 39.46626984126984
1.0251256281407035 5.834170854271357 0.17571059431524547 1570 1161 204 33.208333333333336
1.0100502512562815 5.0201005025125625 0.20120120120120122 1570 999 201 27.52678571428571
1.0251256281407035 4.391959798994975 0.2334096109839817 1570 874 204 37.958333333333336
1.9447236180904524 5.316582914572864 0.36578449905482047 1570 1058 387 30.9452380952381
1.4572864321608041 5.386934673366834 0.2705223880597015 1570 1072 290 31.365873015873017
0.9346733668341709 5.221105527638191 0.17901828681424448 1570 1039 186 34.45357142857143
1.1758793969849246 5.603015075376884 0.20986547085201793 1570 1115 234 35.398809523809526
1.778894472361809 4.974874371859296 0.3575757575757576 1570 990 354 27.778373015873015
0.9447236180904522 5.78391959798995 0.1633362293657689 1570 1151 188 37.57261904761905
1.5477386934673367 3.648241206030151 0.42424242424242425 1570 726 308 44.407738095238095
1.2311557788944723 6.391959798994975 0.19261006289308175 1570 1272 245 22.419642857142858
1.4371859296482412 4.0201005025125625 0.35750000000000004 1570 800 286 44.61111111111111
1.1155778894472361 7.125628140703518 0.15655853314527501 1570 1418 222 21.007142857142856
1.150753768844221 4.190954773869347 0.2745803357314149 1585 834 229 47.695436507936506
1.120603015075377 6.592964824120603 0.16996951219512196 1585 1312 223 21.72470238095238
1.306532663316583 5.1206030150753765 0.25515210991167814 1585 1019 260 40.55
1.4271356783919598 4.954773869346734 0.2880324543610548 1585 986 284 35.69305555555556
1.4120603015075377 4.949748743718593 0.28527918781725886 1585 985 281 32.66150793650794
0.8944723618090452 5.899497487437186 0.151618398637138 1585 1174 178 27.21517857142857
1.0954773869346734 4.653266331658291 0.2354211663066955 1585 926 218 42.775
1.321608040201005 6.080402010050252 0.21735537190082643 1585 1210 263 29.837103174603175
0.8391959798994975 5.613065326633166 0.1495076096687556 1585 1117 167 26.18452380952381
1.5778894472361809 5.256281407035176 0.30019120458891013 1585 1046 314 32.44742063492063
1.3115577889447236 5.4623115577889445 0.24011039558417666 1585 1087 261 33.33472222222222
1.4221105527638191 6.0 0.23701842546063653 1585 1194 283 28.168253968253968
1.3417085427135678 5.532663316582915 0.2425068119891008 1585 1101 267 37.62400793650794
1.035175879396985 5.291457286432161 0.1956315289648623 1585 1053 206 39.34166666666666
1.3366834170854272 4.206030150753769 0.31780167264038234 1585 837 266 47.62103174603175
1.0402010050251256 7.311557788944723 0.1422680412371134 1585 1455 207 15.91388888888889
1.592964824120603 4.85929648241206 0.327817993795243 1585 967 317 37.85
1.3517587939698492 5.608040201005025 0.2410394265232975 1585 1116 269 35.96388888888889
1.2060301507537687 6.869346733668341 0.1755669348939283 1585 1367 240 24.98065476190476
1.6633165829145728 4.809045226130653 0.3458725182863114 1585 957 331 33.34087301587302
1.3266331658291457 5.9045226130653266 0.2246808510638298 1600 1175 264 35.24166666666667
1.2311557788944723 4.130653266331659 0.29805352798053525 1600 822 245 47.294642857142854
1.3015075376884422 3.35678391959799 0.3877245508982036 1600 668 259 70.00833333333334
1.1658291457286432 3.849246231155779 0.30287206266318534 1600 766 232 50.105158730158735
1.3718592964824121 5.743718592964824 0.2388451443569554 1600 1143 273 33.24305555555555
1.1909547738693467 4.241206030150754 0.28080568720379145 1600 844 237 45.44583333333333
1.4572864321608041 4.331658291457287 0.33642691415313225 1600 862 290 34.045833333333334
1.5979899497487438 3.7236180904522613 0.4291497975708502 1600 741 318 39.955555555555556
1.4572864321608041 4.8040201005025125 0.3033472803347281 1600 956 290 48.831944444444446
1.150753768844221 2.8341708542713566 0.40602836879432624 1600 564 229 36.63194444444445
1.221105527638191 4.386934673366834 0.27835051546391754 1600 873 243 41.666666666666664
1.2462311557788945 5.728643216080402 0.21754385964912282 1600 1140 248 32.61646825396826
1.150753768844221 6.944723618090452 0.16570188133140376 1600 1382 229 19.65456349206349
1.221105527638191 7.165829145728643 0.17040673211781207 1600 1426 243 17.681746031746034
1.1557788944723617 4.894472361809045 0.2361396303901437 1600 974 230 31.021428571428572
1.1959798994974875 4.944723618090452 0.241869918699187 1600 984 238 41.11964285714286
1.5728643216080402 4.457286432160804 0.3528748590755355 1600 887 313 41.91111111111111
1.0804020100502512 4.864321608040201 0.2221074380165289 1600 968 215 40.887499999999996
2.050251256281407 4.346733668341709 0.47167630057803467 1600 865 408 38.250992063492056
1.5628140703517588 5.809045226130653 0.2690311418685121 1600 1156 311 20.5327380952381
1.4773869346733668 4.477386934673367 0.3299663299663299 1615 891 294 45.019444444444446
1.306532663316583 6.648241206030151 0.19652305366591083 1615 1323 260 27.07103174603175
1.5879396984924623 6.371859296482412 0.24921135646687698 1615 1268 316 26.226289682539687
1.1407035175879396 4.517587939698492 0.2525027808676307 1615 899 227 38.55654761904762
1.5276381909547738 4.768844221105527 0.32033719704952585 1615 949 304 47.99444444444445
1.64321608040201 5.658291457286432 0.2904085257548845 1615 1126 327 29.994642857142853
1.4020100502512562 3.3266331658291457 0.4214501510574018 1615 662 279 37.4125
1.3417085427135678 5.532663316582915 0.2425068119891008 1615 1101 267 38.35218253968254
1.1658291457286432 4.773869346733668 0.2442105263157895 1615 950 232 37.520833333333336
1.6231155778894473 5.467336683417085 0.296875 1615 1088 323 30.111111111111114
1.7839195979899498 4.261306532663316 0.4186320754716982 1615 848 355 37.09027777777778
1.5879396984924623 4.834170854271357 0.32848232848232845 1615 962 316 26.582738095238096
1.3517587939698492 4.175879396984925 0.3237063778580024 1615 831 269 36.56111111111111
1.3517587939698492 5.698492462311558 0.23721340388007053 1615 1134 269 25.082341269841265
1.321608040201005 5.296482412060302 0.24952561669829224 1615 1054 263 34.52916666666666
1.3618090452261307 3.798994974874372 0.3584656084656085 1615 756 271 67.37361111111112
1.6331658291457287 3.422110552763819 0.47723935389133626 1615 681 325 45.76388888888889
1.4824120603015076 5.256281407035176 0.28202676864244747 1615 1046 295 37.93273809523809
1.2663316582914572 5.1206030150753765 0.24730127576054955 1615 1019 252 26.505555555555556
1.256281407035176 4.658291457286432 0.26968716289104644 1615 927 250 41.9905753968254
1.728643216080402 4.864321608040201 0.35537190082644626 1630 968 344 41.65972222222222
1.1658291457286432 5.376884422110553 0.21682242990654202 1630 1070 232 34.93948412698413
1.1256281407035176 6.341708542713568 0.1774960380348653 1630 1262 224 27.966468253968255
1.3467336683417086 5.814070351758794 0.23163353500432154 1630 1157 268 25.832738095238096
1.5427135678391959 5.351758793969849 0.28826291079812205 1630 1065 307 27.271825396825395
1.150753768844221 7.326633165829146 0.15706447187928668 1630 1458 229 20.051984126984127
0.9597989949748744 4.231155778894473 0.22684085510688837 1630 842 191 41.29434523809524
1.5577889447236182 5.050251256281407 0.3084577114427861 1630 1005 310 40.4625
1.3819095477386936 3.9346733668341707 0.35121328224776505 1630 783 275 40.63194444444445
1.3768844221105527 5.457286432160804 0.2523020257826888 1630 1086 274 25.97420634920635
1.6130653266331658 4.8040201005025125 0.3357740585774059 1630 956 321 46.13492063492064
1.306532663316583 6.14070351758794 0.2127659574468085 1630 1222 260 26.19087301587302
1.3969849246231156 5.864321608040201 0.23821765209940018 1630 1167 278 25.383730158730156
1.879396984924623 3.979899497487437 0.4722222222222222 1630 792 374 41.69047619047619
1.849246231155779 4.532663316582915 0.4079822616407982 1630 902 368 31.090972222222224
1.5628140703517588 5.567839195979899 0.2806859205776173 1630 1108 311 32.44236111111112
1.5175879396984924 5.402010050251256 0.28093023255813954 1630 1075 302 33.835912698412706
1.5075376884422111 3.9246231155778895 0.38412291933418696 1630 781 300 64.02083333333333
1.3467336683417086 5.557788944723618 0.24231464737793854 1630 1106 268 29.741666666666664
1.256281407035176 3.5326633165829144 0.3556187766714083 1630 703 250 55.1875
1.4271356783919598 6.135678391959799 0.23259623259623258 1645 1221 284 27.572222222222226
1.6532663316582914 6.0 0.27554438860971525 1645 1194 329 27.174404761904764
1.6683417085427135 4.64321608040201 0.3593073593073593 1645 924 332 32.3154761904762
1.2010050251256281 6.623115577889447 0.1813353566009105 1645 1318 239 27.369444444444444
1.8040201005025125 5.889447236180905 0.30631399317406144 1645 1172 359 21.454662698412694
1.5175879396984924 6.135678391959799 0.2473382473382473 1645 1221 302 35.88035714285715
1.5678391959798994 5.467336683417085 0.2867647058823529 1645 1088 312 32.20416666666667
1.4824120603015076 4.708542713567839 0.31483457844183566 1645 937 295 43.9375
1.1758793969849246 6.542713567839196 0.17972350230414746 1645 1302 234 19.408333333333335
1.4271356783919598 4.417085427135678 0.323094425483504 1645 879 284 45.29722222222222
1.170854271356784 5.050251256281407 0.2318407960199005 1645 1005 233 35.62638888888889
1.5477386934673367 4.623115577889447 0.33478260869565224 1645 920 308 41.3125
1.4422110552763818 5.49748743718593 0.26234003656307125 1645 1094 287 36.41805555555556
1.100502512562814 6.090452261306533 0.1806930693069307 1645 1212 219 27.285019841269843
1.4773869346733668 4.557788944723618 0.3241455347298787 1645 907 294 37.59583333333333
1.4974874371859297 5.814070351758794 0.2575626620570441 1645 1157 298 32.18313492063492
1.0804020100502512 4.4874371859296485 0.2407614781634938 1645 893 215 42.37499999999999
1.4371859296482412 5.849246231155779 0.24570446735395188 1645 1164 286 34.20178571428571
1.4974874371859297 5.080402010050252 0.29475766567754697 1645 1011 298 39.19861111111111
1.1608040201005025 3.100502512562814 0.37439222042139386 1645 617 231 41.55138888888889
1.1658291457286432 3.7537688442211055 0.31057563587684067 1660 747 232 49.743055555555564
1.8592964824120604 4.9045226130653266 0.3790983606557377 1660 976 370 43.762103174603176
1.6582914572864322 4.633165829145729 0.35791757049891537 1660 922 330 34.25416666666667
1.5879396984924623 6.276381909547739 0.2530024019215372 1660 1249 316 29.608333333333338
1.2110552763819096 5.809045226130653 0.20847750865051903 1660 1156 241 29.477777777777774
1.5829145728643217 4.130653266331659 0.38321167883211676 1660 822 315 40.975
1.6834170854271358 5.7537688442211055 0.2925764192139738 1660 1145 335 29.320238095238096
1.4271356783919598 5.909547738693467 0.24149659863945577 1660 1176 284 26.892956349206347
1.0552763819095476 3.6231155778894473 0.2912621359223301 1660 721 210 37.61646825396825
0.9597989949748744 5.296482412060302 0.18121442125237192 1660 1054 191 33.580555555555556
1.3266331658291457 4.21608040201005 0.3146603098927295 1660 839 264 41.989087301587304
1.2964824120603016 4.517587939698492 0.2869855394883204 1660 899 258 47.61666666666667
1.0753768844221105 6.492462311557789 0.16563467492260062 1660 1292 214 21.743055555555554
1.1959798994974875 6.984924623115578 0.1712230215827338 1660 1390 238 18.53501984126984
1.2512562814070352 4.633165829145729 0.27006507592190887 1660 922 249 44.01388888888889
1.693467336683417 3.291457286432161 0.5145038167938931 1660 655 337 40.99404761904762
1.5075376884422111 5.934673366834171 0.2540220152413209 1660 1181 300 27.719047619047625
1.1557788944723617 5.8291457286432165 0.1982758620689655 1660 1160 230 34.932539682539684
1.3015075376884422 6.326633165829146 0.2057188244638602 1660 1259 259 27.686111111111114
1.3869346733668342 5.628140703517588 0.2464285714285714 1660 1120 276 38.749206349206354
1.1055276381909547 5.4874371859296485 0.20146520146520144 1675 1092 220 40.10912698412698
1.4522613065326633 4.055276381909548 0.35811648079306074 1675 807 289 45.535714285714285
1.1758793969849246 5.175879396984925 0.22718446601941744 1675 1030 234 40.33730158730158
1.1758793969849246 4.989949748743719 0.23564954682779454 1675 993 234 38.572023809523806
1.5326633165829147 5.844221105527638 0.26225279449699057 1675 1163 305 37.897619047619045
1.3015075376884422 3.030150753768844 0.4295190713101161 1675 603 259 39.57638888888889
1.3517587939698492 5.9798994974874375 0.2260504201680672 1675 1190 269 23.502777777777776
1.4522613065326633 5.693467336683417 0.2550750220653133 1675 1133 289 30.280952380952375
1.4371859296482412 4.778894472361809 0.30073606729758146 1675 951 286 37.479166666666664
1.2010050251256281 5.35678391959799 0.22420262664165103 1675 1066 239 44.85833333333333
1.5527638190954773 5.552763819095477 0.27963800904977376 1675 1105 309 32.59970238095238
1.1557788944723617 4.432160804020101 0.2607709750566893 1675 882 230 40.05952380952381
1.3819095477386936 5.914572864321608 0.23364485981308414 1675 1177 275 33.09861111111111
1.6231155778894473 4.080402010050252 0.3977832512315271 1675 812 323 51.673611111111114
1.7688442211055277 3.4824120603015074 0.507936507936508 1675 693 352 66.20416666666667
1.7537688442211055 4.105527638190955 0.42717258261933905 1675 817 349 48.34722222222223
1.8391959798994975 5.678391959798995 0.3238938053097345 1675 1130 366 27.83869047619048
1.3919597989949748 3.557788944723618 0.3912429378531073 1675 708 277 42.31944444444445
1.4522613065326633 4.688442211055277 0.3097534833869239 1675 933 289 41.332142857142856
1.2060301507537687 4.040201005025126 0.29850746268656714 1675 804 240 53.19345238095238
1.6080402010050252 4.663316582914573 0.3448275862068966 1690 928 320 37.076388888888886
1.3266331658291457 4.949748743718593 0.26802030456852793 1690 985 264 44.71825396825397
1.2010050251256281 4.552763819095477 0.26379690949227375 1690 906 239 40.483134920634924
1.256281407035176 5.2462311557788945 0.23946360153256707 1690 1044 250 37.31825396825397
1.5477386934673367 5.110552763819095 0.3028515240904622 1690 1017 308 34.85178571428572
1.1909547738693467 5.276381909547739 0.22571428571428567 1690 1050 237 43.6422619047619
1.5678391959798994 6.381909547738694 0.24566929133858265 1690 1270 312 22.909920634920635
1.5025125628140703 3.7688442211055277 0.39866666666666667 1690 750 299 41.794444444444444
1.6582914572864322 3.2763819095477387 0.5061349693251534 1690 652 330 64.875
1.8040201005025125 5.542713567839196 0.3254759746146872 1690 1103 359 37.80496031746031
1.3015075376884422 6.688442211055277 0.19459053343350863 1690 1331 259 30.60248015873016
1.5226130653266332 6.206030150753769 0.24534412955465587 1690 1235 303 19.004662698412698
1.065326633165829 4.065326633165829 0.2620519159456119 1690 809 212 47.6140873015873
1.3517587939698492 5.577889447236181 0.2423423423423423 1690 1110 269 34.21924603174603
1.0804020100502512 4.306532663316583 0.2508751458576429 1690 857 215 46.103968253968254
1.6482412060301508 4.291457286432161 0.3840749414519906 1690 854 328 44.256944444444436
1.3969849246231156 4.914572864321608 0.2842535787321064 1690 978 278 40.57956349206349
1.7487437185929648 4.874371859296482 0.3587628865979382 1690 970 348 35.28075396825397
1.4723618090452262 5.57286432160804 0.26420198376916143 1690 1109 293 30.040674603174605
1.8341708542713568 4.723618090452261 0.38829787234042556 1690 940 365 34.047222222222224
1.6130653266331658 4.366834170854271 0.3693901035673188 1705 869 321 49.97222222222222
1.4924623115577889 3.577889447236181 0.41713483146067415 1705 712 297 59.05277777777778
1.5025125628140703 6.336683417085427 0.23711340206185566 1705 1261 299 33.28184523809524
1.3819095477386936 6.201005025125628 0.2228525121555916 1705 1234 275 28.105853174603173
1.9095477386934674 5.100502512562814 0.37438423645320196 1705 1015 380 39.08293650793651
1.4321608040201006 3.8844221105527637 0.36869340232858994 1705 773 285 45.25972222222222
1.3668341708542713 4.160804020100502 0.3285024154589372 1705 828 272 50.11736111111111
1.6231155778894473 4.763819095477387 0.3407172995780591 1705 948 323 39.96805555555556
1.6030150753768844 6.055276381909548 0.26473029045643154 1705 1205 319 26.937896825396823
1.321608040201005 5.336683417085427 0.24764595103578155 1705 1062 263 40.278174603174605
1.728643216080402 5.8542713567839195 0.2952789699570815 1705 1165 344 25.979365079365078
1.2814070351758795 6.919597989949748 0.1851851851851852 1705 1377 255 24.939285714285717
1.271356783919598 4.693467336683417 0.2708779443254818 1705 934 253 38.86388888888889
1.5075376884422111 6.50251256281407 0.23183925811437406 1705 1294 300 22.594444444444445
1.5477386934673367 5.251256281407035 0.2947368421052632 1705 1045 308 33.31587301587302
1.4221105527638191 6.336683417085427 0.22442505947660588 1705 1261 283 28.514781746031744
1.306532663316583 6.0201005025125625 0.21702838063439067 1705 1198 260 30.67876984126984
1.3618090452261307 4.864321608040201 0.27995867768595045 1705 968 271 36.63194444444444
1.6582914572864322 4.778894472361809 0.3470031545741325 1705 951 330 41.69583333333333
1.5326633165829147 5.211055276381909 0.29411764705882354 1705 1037 305 38.53472222222222
1.170854271356784 7.28643216080402 0.1606896551724138 1755 1450 233 23.65515873015873
1.3718592964824121 5.055276381909548 0.27137176938369784 1755 1006 273 33.10277777777778
1.4371859296482412 4.597989949748744 0.31256830601092894 1755 915 286 50.387499999999996
1.5778894472361809 7.0 0.22541277817659727 1755 1393 314 16.5109126984127
1.5175879396984924 6.608040201005025 0.22965779467680608 1755 1315 302 28.089583333333337
1.4170854271356783 6.185929648241206 0.2290820471161657 1755 1231 282 33.46617063492064
1.3718592964824121 4.683417085427136 0.2929184549356223 1755 932 273 38.25257936507936
1.2763819095477387 7.678391959798995 0.1662303664921466 1755 1528 254 19.820734126984128
1.3115577889447236 5.824120603015075 0.22519413287316653 1755 1159 261 22.843253968253972
1.0301507537688441 8.150753768844222 0.12638717632552401 1755 1622 205 16.646130952380954
1.6482412060301508 4.768844221105527 0.3456269757639621 1755 949 328 36.28333333333333
1.8542713567839195 4.678391959798995 0.3963480128893662 1755 931 369 36.41329365079365
1.5577889447236182 3.5979899497487438 0.4329608938547486 1755 716 310 69.05972222222222
1.693467336683417 4.015075376884422 0.42177722152690866 1755 799 337 38.766666666666666
1.5778894472361809 5.899497487437186 0.2674616695059625 1755 1174 314 33.4436507936508
1.2261306532663316 3.6683417085427137 0.3342465753424657 1755 730 244 36.69583333333333
1.3165829145728642 3.6733668341708543 0.3584131326949384 1755 731 262 64.95972222222223
1.4623115577889447 3.2261306532663316 0.4532710280373832 1755 642 291 40.08611111111111
1.2462311557788945 7.266331658291457 0.17150760719225452 1755 1446 248 27.321230158730156
1.2010050251256281 6.407035175879397 0.18745098039215685 1755 1275 239 25.275396825396825
1.2462311557788945 6.628140703517588 0.18802122820318423 1770 1319 248 25.861309523809524
1.4974874371859297 4.924623115577889 0.30408163265306126 1770 980 298 35.732638888888886
1.5025125628140703 5.562814070351759 0.27009936766034326 1770 1107 299 34.43144841269841
0.914572864321608 5.939698492462312 0.1539763113367174 1770 1182 182 33.87916666666666
1.6532663316582914 5.402010050251256 0.30604651162790697 1770 1075 329 31.982142857142858
1.3015075376884422 5.075376884422111 0.2564356435643564 1770 1010 259 33.021230158730155
1.7487437185929648 6.030150753768845 0.29 1770 1200 348 23.92013888888889
1.4371859296482412 5.708542713567839 0.2517605633802817 1770 1136 286 35.14186507936508
1.7035175879396984 3.557788944723618 0.4788135593220339 1770 708 339 46.42361111111111
1.6582914572864322 5.924623115577889 0.2798982188295166 1770 1179 330 31.428571428571427
1.5778894472361809 4.814070351758794 0.3277661795407098 1770 958 314 30.193452380952383
1.3768844221105527 4.914572864321608 0.2801635991820041 1770 978 274 46.06210317460318
1.3969849246231156 4.522613065326633 0.30888888888888894 1770 900 278 35.37301587301587
1.5979899497487438 4.341708542713568 0.3680555555555555 1770 864 318 32.09623015873016
1.7939698492462313 4.758793969849246 0.3769799366420275 1770 947 357 37.393055555555556
1.3919597989949748 5.71859296482412 0.24340949033391915 1770 1138 277 30.2109126984127
1.7336683417085428 4.341708542713568 0.3993055555555556 1770 864 345 37.98333333333334
1.64321608040201 5.346733668341709 0.3073308270676692 1770 1064 327 39.217063492063495
1.4321608040201006 5.492462311557789 0.2607502287282708 1770 1093 285 30.54543650793651
1.0452261306532664 6.949748743718593 0.15039768618944324 1770 1383 208 31.211904761904762
1.4623115577889447 7.472361809045226 0.1956960322797579 1785 1487 291 16.269642857142856
1.1959798994974875 4.0201005025125625 0.29750000000000004 1785 800 238 41.41805555555556
1.3467336683417086 5.557788944723618 0.24231464737793854 1785 1106 268 41.128571428571426
1.4020100502512562 3.7738693467336684 0.3715046604527297 1785 751 279 45.013888888888886
1.170854271356784 4.969849246231155 0.23559150657229527 1785 989 233 36.96230158730159
1.728643216080402 5.371859296482412 0.32179607109448083 1785 1069 344 34.18333333333333
1.4321608040201006 5.9045226130653266 0.24255319148936172 1785 1175 285 26.30109126984127
1.5075376884422111 4.381909547738694 0.3440366972477064 1785 872 300 56.25694444444445
1.4472361809045227 4.190954773869347 0.34532374100719426 1785 834 288 57.20138888888889
1.050251256281407 5.562814070351759 0.1887985546522132 1785 1107 209 44.66170634920635
1.64321608040201 4.778894472361809 0.34384858044164035 1785 951 327 43.32420634920635
1.4673366834170853 5.175879396984925 0.2834951456310679 1785 1030 292 47.637301587301586
1.7336683417085428 4.57286432160804 0.37912087912087916 1785 910 345 40.66111111111111
1.6231155778894473 5.437185929648241 0.29852125693160814 1785 1082 323 39.801785714285714
1.6331658291457287 6.025125628140704 0.27105921601334443 1785 1199 325 32.32718253968254
1.849246231155779 4.959798994974874 0.3728470111448835 1785 987 368 32.557539682539684
1.6381909547738693 4.115577889447236 0.3980463980463981 1785 819 326 49.66111111111112
1.5427135678391959 4.467336683417085 0.3453318335208099 1785 889 307 44.24623015873016
1.9045226130653266 4.623115577889447 0.41195652173913044 1785 920 379 30.675694444444442
1.7688442211055277 4.633165829145729 0.38177874186550975 1785 922 352 42.356944444444444
1.1809045226130652 5.71859296482412 0.2065026362038664 1800 1138 235 35.80793650793651
1.4522613065326633 6.809045226130653 0.2132841328413284 1800 1355 289 26.604365079365078
1.3819095477386936 7.437185929648241 0.18581081081081083 1800 1480 275 19.801289682539682
1.271356783919598 7.336683417085427 0.17328767123287672 1800 1460 253 17.032242063492063
1.5326633165829147 5.9045226130653266 0.2595744680851064 1800 1175 305 35.38888888888889
2.170854271356784 4.9296482412060305 0.4403669724770642 1800 981 432 30.17638888888889
1.6733668341708543 3.678391959798995 0.45491803278688525 1800 732 333 56.13888888888889
1.1758793969849246 5.507537688442211 0.21350364963503649 1800 1096 234 34.54821428571429
1.8844221105527639 5.311557788944723 0.3547776726584674 1800 1057 375 38.77529761904762
1.592964824120603 5.100502512562814 0.31231527093596056 1800 1015 317 39.71547619047619
1.4824120603015076 6.005025125628141 0.24686192468619247 1800 1195 295 31.809126984126987
1.4572864321608041 5.628140703517588 0.25892857142857145 1800 1120 290 37.605555555555554
1.085427135678392 7.748743718592965 0.14007782101167315 1800 1542 216 20.39348544973545
1.3366834170854272 6.190954773869347 0.2159090909090909 1800 1232 266 24.337500000000002
1.6984924623115578 4.4874371859296485 0.37849944008958564 1800 893 338 33.36111111111111
1.5376884422110553 4.603015075376884 0.33406113537117904 1800 916 306 49.67777777777778
1.728643216080402 2.5175879396984926 0.686626746506986 1800 501 344 55.68055555555555
1.5226130653266332 5.597989949748744 0.27199281867145425 1800 1114 303 35.340873015873015
1.743718592964824 4.763819095477387 0.3660337552742616 1800 948 347 38.62291666666667
1.4371859296482412 5.437185929648241 0.2643253234750462 1800 1082 286 45.41696428571428
1.6582914572864322 4.1708542713567835 0.3975903614457832 1815 830 330 43.57083333333333
1.2160804020100502 8.391959798994975 0.14491017964071856 1815 1670 242 14.40674603174603
1.1909547738693467 8.21105527638191 0.14504283965728273 1815 1634 237 15.352976190476191
1.6834170854271358 6.36180904522613 0.2646129541864139 1815 1266 335 29.578769841269846
1.4572864321608041 4.889447236180905 0.29804727646454265 1815 973 290 49.75416666666667
1.4924623115577889 6.135678391959799 0.24324324324324323 1815 1221 297 31.51686507936508
1.3467336683417086 3.864321608040201 0.34850455136540964 1815 769 268 59.320833333333326
1.5226130653266332 6.296482412060302 0.2418196328810854 1815 1253 303 27.651289682539687
1.100502512562814 6.185929648241206 0.17790414297319251 1815 1231 219 34.93680555555556
1.3015075376884422 6.336683417085427 0.20539254559873116 1815 1261 259 31.943750000000005
1.3366834170854272 6.075376884422111 0.22001654259718775 1815 1209 266 28.594940476190477
1.4572864321608041 6.698492462311558 0.2175543885971493 1815 1333 290 20.682142857142857
1.6532663316582914 4.4120603015075375 0.37471526195899774 1815 878 329 34.93928571428571
1.6733668341708543 5.8793969849246235 0.2846153846153846 1815 1170 333 27.990079365079367
1.814070351758794 4.5376884422110555 0.3997785160575858 1815 903 361 40.325
1.4221105527638191 6.080402010050252 0.23388429752066114 1815 1210 283 30.875694444444445
1.6633165829145728 4.648241206030151 0.35783783783783785 1815 925 331 33.202777777777776
1.3668341708542713 4.85929648241206 0.281282316442606 1815 967 272 30.525000000000002
1.3015075376884422 5.442211055276382 0.23915050784856878 1815 1083 259 44.831944444444446
1.035175879396985 6.396984924623116 0.16182246661429694 1815 1273 206 28.650000000000002
1.5879396984924623 4.36180904522613 0.36405529953917054 1830 868 316 39.768055555555556
1.6180904522613064 6.768844221105527 0.23904974016332592 1830 1347 322 24.766170634920638
1.5829145728643217 4.055276381909548 0.39033457249070636 1830 807 315 41.60892857142857
1.7135678391959799 5.557788944723618 0.30831826401446655 1830 1106 341 36.70902777777778
1.7537688442211055 3.0653266331658293 0.5721311475409836 1830 610 349 45.47222222222222
1.4824120603015076 5.4120603015075375 0.27390900649953576 1830 1077 295 42.32936507936508
1.7336683417085428 5.276381909547739 0.32857142857142857 1830 1050 345 29.162499999999998
1.6532663316582914 5.839195979899498 0.2831325301204819 1830 1162 329 30.75079365079365
1.5276381909547738 5.035175879396985 0.30339321357285426 1830 1002 304 31.98194444444444
1.1809045226130652 7.276381909547739 0.162292817679558 1830 1448 235 25.493948412698412
1.3316582914572865 5.316582914572864 0.25047258979206055 1830 1058 265 23.16924603174603
1.3316582914572865 4.271356783919598 0.311764705882353 1830 850 265 49.25198412698413
1.3366834170854272 7.296482412060302 0.18319559228650137 1830 1452 266 23.152380952380955
2.0653266331658293 5.160804020100502 0.4001947419668939 1830 1027 411 42.98551587301588
1.4773869346733668 2.909547738693467 0.5077720207253886 1830 579 294 77.2638888888889
1.5477386934673367 5.8793969849246235 0.26324786324786326 1830 1170 308 25.311111111111114
1.6030150753768844 5.105527638190955 0.3139763779527559 1830 1016 319 37.861111111111114
1.3919597989949748 5.9296482412060305 0.23474576271186437 1830 1180 277 37.20496031746032
1.1557788944723617 6.251256281407035 0.18488745980707394 1830 1244 230 28.32529761904762
1.4321608040201006 4.185929648241206 0.34213685474189676 1830 833 285 35.62857142857143
1.5778894472361809 6.025125628140704 0.2618849040867389 1845 1199 314 33.62301587301587
1.4221105527638191 3.170854271356784 0.44849445324881143 1845 631 283 59.13194444444445
1.693467336683417 5.507537688442211 0.3074817518248175 1845 1096 337 36.177281746031746
1.6381909547738693 4.869346733668341 0.3364293085655315 1845 969 326 45.43611111111111
1.5075376884422111 4.030150753768845 0.3740648379052369 1845 802 300 32.69444444444444
1.221105527638191 6.075376884422111 0.20099255583126552 1845 1209 243 33.861111111111114
1.2914572864321607 5.025125628140704 0.25699999999999995 1845 1000 257 44.46676587301587
1.7989949748743719 5.010050251256281 0.35907723169508526 1845 997 358 34.578472222222224
1.4120603015075377 6.788944723618091 0.2079940784603997 1845 1351 281 26.495833333333337
1.4472361809045227 4.608040201005025 0.31406761177753545 1845 917 288 31.620238095238097
1.4120603015075377 4.547738693467337 0.3104972375690608 1845 905 281 28.871031746031747
1.743718592964824 5.306532663316583 0.32859848484848486 1845 1056 347 36.66150793650794
1.9045226130653266 5.5879396984924625 0.3408273381294964 1845 1112 379 37.40376984126984
1.4974874371859297 5.738693467336684 0.2609457092819615 1845 1142 298 34.05773809523809
1.4020100502512562 6.381909547738694 0.21968503937007872 1845 1270 279 29.04811507936508
1.5125628140703518 6.899497487437186 0.21922796795338675 1845 1373 301 18.795436507936508
1.5326633165829147 5.442211055276382 0.2816251154201293 1845 1083 305 40.17281746031747
1.4321608040201006 6.025125628140704 0.237698081734779 1845 1199 285 25.480555555555558
1.7386934673366834 3.9145728643216082 0.4441591784338896 1845 779 346 39.4375
1.8542713567839195 4.597989949748744 0.40327868852459015 1845 915 369 40.72569444444445
1.4271356783919598 4.5376884422110555 0.31450719822812845 1860 903 284 46.64821428571429
1.7185929648241205 4.969849246231155 0.34580384226491406 1860 989 342 25.91765873015873
1.6633165829145728 5.9296482412060305 0.28050847457627115 1860 1180 331 37.60208333333333
1.4522613065326633 3.542713567839196 0.4099290780141844 1860 705 289 39.41388888888889
1.5628140703517588 4.703517587939698 0.33226495726495725 1860 936 311 34.981448412698406
1.5075376884422111 6.045226130653266 0.24937655860349128 1860 1203 300 34.021031746031746
1.7236180904522613 6.321608040201005 0.2726550079491256 1860 1258 343 28.337797619047617
1.7085427135678393 3.708542713567839 0.4607046070460705 1860 738 340 34.37916666666667
1.4572864321608041 3.6331658291457285 0.40110650069156295 1860 723 290 49.19642857142858
1.321608040201005 4.336683417085427 0.3047508690614137 1860 863 263 53.88819444444445
1.5025125628140703 6.839195979899498 0.21969140337986773 1860 1361 299 32.24702380952382
1.306532663316583 3.85929648241206 0.3385416666666667 1860 768 260 42.392857142857146
1.7185929648241205 5.236180904522613 0.328214971209213 1860 1042 342 41.09365079365079
1.592964824120603 3.8894472361809047 0.40956072351421186 1860 774 317 36.06111111111111
1.5326633165829147 5.678391959798995 0.26991150442477874 1860 1130 305 32.45734126984127
1.5778894472361809 3.778894472361809 0.4175531914893617 1860 752 314 49.979166666666664
1.7336683417085428 5.522613065326633 0.3139217470427662 1860 1099 345 39.15853174603175
1.4422110552763818 5.1959798994974875 0.2775628626692456 1860 1034 287 40.922222222222224
1.2914572864321607 5.0703517587939695 0.2547076313181368 1860 1009 257 42.48462301587301
1.4120603015075377 5.211055276381909 0.2709739633558341 1860 1037 281 33.79246031746032
1.6884422110552764 4.201005025125628 0.4019138755980861 1875 836 336 45.65277777777777
1.9095477386934674 6.055276381909548 0.3153526970954357 1875 1205 380 31.293353174603173
1.3919597989949748 5.4874371859296485 0.25366300366300365 1875 1092 277 38.00535714285714
1.5376884422110553 4.175879396984925 0.3682310469314079 1875 831 306 60.03194444444444
1.814070351758794 3.829145728643216 0.47375328083989504 1875 762 361 39.201388888888886
1.4673366834170853 4.577889447236181 0.3205268935236004 1875 911 292 36.31200396825397
1.4522613065326633 4.628140703517588 0.31378935939196523 1875 921 289 45.68888888888889
1.6331658291457287 4.21608040201005 0.38736591179976165 1875 839 325 54.901785714285715
1.7336683417085428 3.5477386934673367 0.4886685552407932 1875 706 345 46.26686507936508
1.6582914572864322 6.934673366834171 0.2391304347826087 1875 1380 330 24.553571428571427
1.3618090452261307 4.71859296482412 0.288604898828541 1875 939 271 50.46666666666667
1.6080402010050252 4.0201005025125625 0.4000000000000001 1875 800 320 45.631944444444436
1.7587939698492463 4.160804020100502 0.4227053140096619 1875 828 350 71.25972222222222
1.8743718592964824 5.597989949748744 0.3348294434470377 1875 1114 373 38.12579365079365
1.5075376884422111 5.623115577889447 0.2680965147453083 1875 1119 300 34.828273809523814
1.4924623115577889 2.5879396984924625 0.5766990291262135 1875 515 297 39.73611111111111
1.6733668341708543 3.8341708542713566 0.436435124508519 1875 763 333 42.606944444444444
1.4623115577889447 3.477386934673367 0.42052023121387283 1875 692 291 58.96666666666667
1.271356783919598 5.236180904522613 0.24280230326295585 1875 1042 253 38.0515873015873
1.879396984924623 4.472361809045226 0.42022471910112363 1875 890 374 40.03472222222222
1.321608040201005 5.648241206030151 0.23398576512455516 1890 1124 263 40.682341269841274
2.0452261306532664 4.678391959798995 0.4371643394199785 1890 931 407 38.839285714285715
1.6130653266331658 5.125628140703518 0.31470588235294117 1890 1020 321 44.095436507936505
1.6582914572864322 3.150753768844221 0.5263157894736842 1890 627 330 65.27777777777779
1.3266331658291457 2.5326633165829144 0.5238095238095238 1890 504 264 61.125
1.4572864321608041 6.155778894472362 0.23673469387755103 1890 1225 290 30.604166666666668
1.5175879396984924 5.763819095477387 0.2632955536181343 1890 1147 302 37.93779761904762
1.7738693467336684 5.748743718592965 0.3085664335664336 1890 1144 353 33.331944444444446
1.6633165829145728 4.849246231155779 0.34300518134715025 1890 965 331 44.43055555555555
1.8040201005025125 3.9396984924623117 0.4579081632653061 1890 784 359 40.579166666666666
2.180904522613065 4.819095477386934 0.45255474452554745 1890 959 434 42.925694444444446
1.5829145728643217 6.190954773869347 0.2556818181818182 1890 1232 315 34.90049603174603
1.3869346733668342 2.5979899497487438 0.5338491295938105 1890 517 276 54.75
2.271356783919598 4.613065326633166 0.4923747276688454 1890 918 452 36.5156746031746
1.8592964824120604 6.78391959798995 0.2740740740740741 1890 1350 370 25.6797619047619
1.3919597989949748 4.331658291457287 0.32134570765661247 1890 862 277 48.041666666666664
1.2512562814070352 2.6683417085427137 0.46892655367231634 1890 531 249 55.770833333333336
1.2914572864321607 3.0251256281407035 0.4269102990033222 1890 602 257 38.56527777777777
1.8341708542713568 5.542713567839196 0.33091568449682685 1890 1103 365 36.74781746031746
1.1758793969849246 3.648241206030151 0.32231404958677684 1890 726 234 56.167857142857144
